6.101865625000000000e+05
2.219965781250000000e+05
8.630780468750000000e+04
5.949533750000000000e+05
6.020128125000000000e+05
1.044715000000000000e+05
1.046605546875000000e+05
2.968340312500000000e+05
4.622585937500000000e+05
4.028028750000000000e+05
5.916098125000000000e+05
3.330538750000000000e+05
1.367330000000000000e+05
1.249658750000000000e+05
1.341639648437500000e+04
1.044953027343750000e+04
1.098345937500000000e+05
1.814117500000000000e+05
1.098345937500000000e+05
1.638334843750000000e+05
2.847919677734375000e+03
8.782334375000000000e+04
3.269128750000000000e+05
3.994091250000000000e+05
6.398010625000000000e+05
3.612967812500000000e+05
7.476215000000000000e+05
7.513804375000000000e+05
2.615117656250000000e+05
8.376852539062500000e+03
0.000000000000000000e+00
1.021806518554687500e+03
9.350195312500000000e+03
1.190349531250000000e+05
4.290204375000000000e+05
1.387376562500000000e+05
4.161758203125000000e+04
8.315585937500000000e+04
2.276595937500000000e+05
7.305873437500000000e+04
1.469355625000000000e+05
6.884617500000000000e+05
4.824495625000000000e+05
3.208626562500000000e+05
4.291390625000000000e+05
1.327233906250000000e+05
0.000000000000000000e+00
0.000000000000000000e+00
0.000000000000000000e+00
0.000000000000000000e+00
0.000000000000000000e+00
0.000000000000000000e+00
1.028160078125000000e+05
2.760493750000000000e+05
7.406704375000000000e+05
5.640358125000000000e+05
6.677005000000000000e+05
5.297672500000000000e+05
5.573688125000000000e+05
6.485997265625000000e+04
1.209837656250000000e+05
4.592146972656250000e+03
3.570151977539062500e+02
1.006356054687500000e+04
1.637555000000000000e+05
3.501060302734375000e+03
8.785146093750000000e+04
3.802160312500000000e+05
9.421625000000000000e+04
6.752955468750000000e+04
3.517299375000000000e+05
1.327233906250000000e+05
1.173337812500000000e+05
3.749285156250000000e+04
1.116525781250000000e+05
1.248262890625000000e+05
6.350462500000000000e+04
7.599546093750000000e+04
3.180161562500000000e+05
8.245550000000000000e+05
5.881461250000000000e+05
6.710124375000000000e+05
5.059377812500000000e+05
4.218709687500000000e+05
5.744161250000000000e+05
3.210820625000000000e+05
1.888055312500000000e+05
4.621386250000000000e+05
6.848965000000000000e+05
1.117812500000000000e+06
1.567909500000000000e+06
1.257233875000000000e+06
3.899752187500000000e+05
3.301169062500000000e+05
5.367800000000000000e+05
5.812787500000000000e+05
4.857191562500000000e+05
4.591359687500000000e+05
7.093014375000000000e+05
7.511295000000000000e+05
9.988788125000000000e+05
7.439896250000000000e+05
6.607668750000000000e+05
6.988492500000000000e+05
7.059206250000000000e+05
7.441776250000000000e+05
6.606415625000000000e+05
5.744775000000000000e+05
5.197033437500000000e+05
5.402893750000000000e+05
7.094895625000000000e+05
1.009324187500000000e+06
1.198275000000000000e+06
1.317197250000000000e+06
9.605105625000000000e+05
8.556264375000000000e+05
1.016245687500000000e+06
7.790826250000000000e+05
9.184511250000000000e+05
7.267059375000000000e+05
7.127439375000000000e+05
9.256165000000000000e+05
5.984200000000000000e+05
5.917343125000000000e+05
5.848051875000000000e+05
7.129316250000000000e+05
9.709505000000000000e+05
7.509416250000000000e+05
1.016320937500000000e+06
6.571454375000000000e+05
9.114723125000000000e+05
1.677825250000000000e+06
2.164816750000000000e+06
2.325526500000000000e+06
2.409855500000000000e+06
2.073684625000000000e+06
1.712928875000000000e+06
1.156372375000000000e+06
1.474887875000000000e+06
1.726795750000000000e+06
1.352364375000000000e+06
1.734042500000000000e+06
1.464298375000000000e+06
1.744504625000000000e+06
1.215794375000000000e+06
1.503060500000000000e+06
1.733979750000000000e+06
1.775952500000000000e+06
1.898476125000000000e+06
1.863685625000000000e+06
1.765495625000000000e+06
1.779487375000000000e+06
1.905470250000000000e+06
1.450496750000000000e+06
1.317451500000000000e+06
1.408144750000000000e+06
1.338250250000000000e+06
9.116605625000000000e+05
1.391000875000000000e+06
1.853031500000000000e+06
2.360567750000000000e+06
2.241705500000000000e+06
1.580073375000000000e+06
1.495811625000000000e+06
1.670956750000000000e+06
2.094667625000000000e+06
2.308194750000000000e+06
2.710989500000000000e+06
2.696930250000000000e+06
2.328993500000000000e+06
2.108535500000000000e+06
1.663897250000000000e+06
2.087675000000000000e+06
2.427311500000000000e+06
2.416658500000000000e+06
2.031580750000000000e+06
1.747973000000000000e+06
1.751627000000000000e+06
1.884671000000000000e+06
1.944214750000000000e+06
2.196898250000000000e+06
1.915679375000000000e+06
2.003220875000000000e+06
1.950595125000000000e+06
1.860344375000000000e+06
2.053956625000000000e+06
2.191159000000000000e+06
1.982988125000000000e+06
2.342542250000000000e+06
2.768025250000000000e+06
2.883232750000000000e+06
2.464495000000000000e+06
2.518504000000000000e+06
2.967305000000000000e+06
3.204781750000000000e+06
3.068839000000000000e+06
2.958360250000000000e+06
2.782081500000000000e+06
2.850966000000000000e+06
2.860041000000000000e+06
2.807473000000000000e+06
2.426124750000000000e+06
1.843520875000000000e+06
1.707950750000000000e+06
1.952486625000000000e+06
1.658286875000000000e+06
1.546105125000000000e+06
1.835954500000000000e+06
2.042420750000000000e+06
2.141560750000000000e+06
1.999123625000000000e+06
2.150132000000000000e+06
2.098703500000000000e+06
2.271454000000000000e+06
2.069521250000000000e+06
2.110994000000000000e+06
2.184921500000000000e+06
2.063597875000000000e+06
2.153152250000000000e+06
2.271454000000000000e+06
2.164691250000000000e+06
1.693770375000000000e+06
1.880385000000000000e+06
1.867719000000000000e+06
1.909503000000000000e+06
2.245799000000000000e+06
2.249843000000000000e+06
1.676155500000000000e+06
1.786855000000000000e+06
2.009270250000000000e+06
1.608156375000000000e+06
1.786335125000000000e+06
1.763790125000000000e+06
1.842007500000000000e+06
1.662321750000000000e+06
1.805072000000000000e+06
1.896393000000000000e+06
1.892612875000000000e+06
2.263701750000000000e+06
2.432233000000000000e+06
2.313176250000000000e+06
2.025593375000000000e+06
2.048345625000000000e+06
2.104753750000000000e+06
2.181834250000000000e+06
2.274033750000000000e+06
2.277378250000000000e+06
1.911393000000000000e+06
1.744250875000000000e+06
1.285560250000000000e+06
1.461652125000000000e+06
1.509425875000000000e+06
1.649592250000000000e+06
1.643728875000000000e+06
1.370266750000000000e+06
1.582785375000000000e+06
1.460891750000000000e+06
1.326840000000000000e+06
1.437134500000000000e+06
1.244027625000000000e+06
1.308689750000000000e+06
1.411925125000000000e+06
1.313103750000000000e+06
1.523476000000000000e+06
1.317639875000000000e+06
1.107294125000000000e+06
7.810250000000000000e+05
9.969926875000000000e+05
8.657995000000000000e+05
7.240136250000000000e+05
7.223225000000000000e+05
6.934037500000000000e+05
7.038558750000000000e+05
7.297109375000000000e+05
1.236715625000000000e+06
8.271282500000000000e+05
5.796085000000000000e+05
6.437898750000000000e+05
4.976992812500000000e+05
5.322271250000000000e+05
4.228431875000000000e+05
9.485633125000000000e+05
1.052251375000000000e+06
1.230163250000000000e+06
1.777780625000000000e+06
1.351986375000000000e+06
8.752189375000000000e+05
3.746455000000000000e+05
1.132845996093750000e+04
5.445886230468750000e+03
2.197703515625000000e+04
4.461363750000000000e+05
4.903299062500000000e+05
6.500926875000000000e+05
3.503210937500000000e+05
2.462151947021484375e+02
0.000000000000000000e+00
0.000000000000000000e+00
3.292872187500000000e+05
6.538365625000000000e+05
1.888915625000000000e+05
5.718190625000000000e+05
6.149749375000000000e+05
7.644150000000000000e+05
7.295863750000000000e+05
6.966599375000000000e+05
6.600188750000000000e+05
1.362971718750000000e+05
7.723270312500000000e+04
1.111066113281250000e+04
2.725407812500000000e+05
4.291390625000000000e+05
9.202090000000000000e+05
1.050612750000000000e+06
8.155815000000000000e+05
6.274706250000000000e+05
6.509037500000000000e+05
6.902142500000000000e+05
3.364414687500000000e+05
5.896491015625000000e+04
1.190535888671875000e+03
1.070882324218750000e+03
0.000000000000000000e+00
0.000000000000000000e+00
1.234418164062500000e+04
1.229710156250000000e+04
0.000000000000000000e+00
2.647833007812500000e+03
0.000000000000000000e+00
5.143444335937500000e+03
5.303959375000000000e+04
1.487993457031250000e+04
0.000000000000000000e+00
0.000000000000000000e+00
0.000000000000000000e+00
2.177988125000000000e+05
4.256671447753906250e+02
0.000000000000000000e+00
0.000000000000000000e+00
0.000000000000000000e+00
0.000000000000000000e+00
0.000000000000000000e+00
0.000000000000000000e+00
0.000000000000000000e+00
0.000000000000000000e+00
0.000000000000000000e+00
2.295573486328125000e+03
4.885664367675781250e+02
0.000000000000000000e+00
3.034020423889160156e+01
1.386903515625000000e+04
1.084165468750000000e+05
1.221120312500000000e+04
8.012497656250000000e+04
2.398234570312500000e+04
9.250272460937500000e+03
0.000000000000000000e+00
0.000000000000000000e+00
0.000000000000000000e+00
1.437412812500000000e+05
1.454097968750000000e+05
9.753609375000000000e+03
1.406555566406250000e+04
0.000000000000000000e+00
4.048628173828125000e+03
0.000000000000000000e+00
1.220508906250000000e+05
6.119944375000000000e+05
6.635155625000000000e+05
1.412687656250000000e+05
0.000000000000000000e+00
0.000000000000000000e+00
0.000000000000000000e+00
0.000000000000000000e+00
0.000000000000000000e+00
1.323810449218750000e+04
1.054601464843750000e+04
0.000000000000000000e+00
7.086388281250000000e+04
4.636406875000000000e+05
1.078708750000000000e+05
1.227763281250000000e+05
0.000000000000000000e+00
0.000000000000000000e+00
0.000000000000000000e+00
0.000000000000000000e+00
0.000000000000000000e+00
0.000000000000000000e+00
1.312678466796875000e+03
1.228458359375000000e+05
1.895820937500000000e+05
3.948568125000000000e+05
1.797300156250000000e+05
1.886707226562500000e+04
0.000000000000000000e+00
0.000000000000000000e+00
1.792845092773437500e+03
6.143152999877929688e+01
0.000000000000000000e+00
2.325631445312500000e+04
7.512289062500000000e+04
2.578443359375000000e+04
6.954585449218750000e+03
0.000000000000000000e+00
0.000000000000000000e+00
0.000000000000000000e+00
0.000000000000000000e+00
0.000000000000000000e+00
0.000000000000000000e+00
3.574954062500000000e+05
6.082118125000000000e+05
2.593832343750000000e+05
6.209805908203125000e+02
3.196298339843750000e+03
5.315981933593750000e+03
0.000000000000000000e+00
0.000000000000000000e+00
0.000000000000000000e+00
0.000000000000000000e+00
1.799230957031250000e+03
2.929180312500000000e+05
1.075936401367187500e+03
0.000000000000000000e+00
0.000000000000000000e+00
0.000000000000000000e+00
0.000000000000000000e+00
0.000000000000000000e+00
0.000000000000000000e+00
0.000000000000000000e+00
0.000000000000000000e+00
0.000000000000000000e+00
0.000000000000000000e+00
0.000000000000000000e+00
0.000000000000000000e+00
0.000000000000000000e+00
0.000000000000000000e+00
0.000000000000000000e+00
0.000000000000000000e+00
0.000000000000000000e+00
0.000000000000000000e+00
0.000000000000000000e+00
0.000000000000000000e+00
0.000000000000000000e+00
0.000000000000000000e+00
4.973148193359375000e+02
0.000000000000000000e+00
0.000000000000000000e+00
0.000000000000000000e+00
0.000000000000000000e+00
0.000000000000000000e+00
4.901549072265625000e+02
8.785146093750000000e+04
1.195801953125000000e+05
2.974248125000000000e+05
6.137437890625000000e+04
6.676390625000000000e+05
6.008987500000000000e+05
1.041249609375000000e+05
1.779361562500000000e+05
7.576475625000000000e+05
5.971199375000000000e+05
4.508028437500000000e+05
1.843961875000000000e+05
2.604726562500000000e+05
2.737257500000000000e+05
4.724288437500000000e+05
4.982468437500000000e+05
7.245760000000000000e+05
6.050483750000000000e+05
5.361026875000000000e+05
5.647762500000000000e+05
4.664070937500000000e+05
3.269674062500000000e+05
1.827328593750000000e+05
1.933435937500000000e+05
2.354877343750000000e+05
4.868708750000000000e+05
8.249950000000000000e+05
1.032483625000000000e+06
9.869889375000000000e+05
9.728385625000000000e+05
8.861498750000000000e+05
7.717481250000000000e+05
6.027555000000000000e+05
6.309539375000000000e+05
5.720666875000000000e+05
4.374777812500000000e+05
7.736925000000000000e+05
8.901691875000000000e+05
7.145602500000000000e+05
8.811238750000000000e+05
1.211443875000000000e+06
8.455190000000000000e+05
8.715764375000000000e+05
4.827523437500000000e+05
8.637265000000000000e+05
1.317826250000000000e+06
1.509548625000000000e+06
1.515221125000000000e+06
8.163343125000000000e+05
1.363458375000000000e+06
1.771480250000000000e+06
1.369510375000000000e+06
1.159773875000000000e+06
8.457070625000000000e+05
1.014987625000000000e+06
1.142259250000000000e+06
1.014045000000000000e+06
1.201300500000000000e+06
8.985903125000000000e+05
9.349198125000000000e+05
5.673099375000000000e+05
7.389171875000000000e+05
1.211256750000000000e+06
1.427178250000000000e+06
8.790507500000000000e+05
1.760639500000000000e+06
2.124357500000000000e+06
1.951730250000000000e+06
1.491145125000000000e+06
9.927769375000000000e+05
1.466443875000000000e+06
1.957591500000000000e+06
2.235340750000000000e+06
2.512083750000000000e+06
3.210205250000000000e+06
2.266162750000000000e+06
1.377891125000000000e+06
9.985654375000000000e+05
1.065600000000000000e+06
1.297727500000000000e+06
1.616631375000000000e+06
1.535515875000000000e+06
1.599483250000000000e+06
1.911834125000000000e+06
2.026412250000000000e+06
1.158012875000000000e+06
1.216551750000000000e+06
1.608561875000000000e+06
2.071478125000000000e+06
1.944482375000000000e+06
1.817170125000000000e+06
1.908750250000000000e+06
1.555115500000000000e+06
1.712928875000000000e+06
1.749672875000000000e+06
1.846036250000000000e+06
1.771352625000000000e+06
1.455980250000000000e+06
1.468897000000000000e+06
1.889905000000000000e+06
2.589037250000000000e+06
2.693968750000000000e+06
2.245229500000000000e+06
1.554550750000000000e+06
1.725537000000000000e+06
1.390558125000000000e+06
1.612154875000000000e+06
2.444073000000000000e+06
2.885695000000000000e+06
2.435004000000000000e+06
2.300194250000000000e+06
2.368763500000000000e+06
2.357604500000000000e+06
2.091139000000000000e+06
2.068826750000000000e+06
2.232884250000000000e+06
2.291871750000000000e+06
2.788632250000000000e+06
2.755420500000000000e+06
2.675065750000000000e+06
2.281665000000000000e+06
1.864125000000000000e+06
1.726608375000000000e+06
1.927907375000000000e+06
2.131600750000000000e+06
2.172440250000000000e+06
2.022317500000000000e+06
2.082001375000000000e+06
2.085530125000000000e+06
2.333973250000000000e+06
2.597094750000000000e+06
2.992079750000000000e+06
3.236295500000000000e+06
2.994091250000000000e+06
2.618024500000000000e+06
2.975184250000000000e+06
2.542714750000000000e+06
2.265782500000000000e+06
2.163305750000000000e+06
1.627594500000000000e+06
1.215920500000000000e+06
1.750050750000000000e+06
1.628288125000000000e+06
1.178362500000000000e+06
1.035881687500000000e+06
1.050865750000000000e+06
1.666986250000000000e+06
1.899545375000000000e+06
1.772426250000000000e+06
1.656901625000000000e+06
1.654128250000000000e+06
1.699758625000000000e+06
1.647130750000000000e+06
1.504379375000000000e+06
1.621795250000000000e+06
1.985760875000000000e+06
1.741416250000000000e+06
1.467762875000000000e+06
1.373414125000000000e+06
1.069440500000000000e+06
1.561733375000000000e+06
1.452197125000000000e+06
2.119501750000000000e+06
1.843583250000000000e+06
1.363248500000000000e+06
1.483793250000000000e+06
1.234258875000000000e+06
1.322620750000000000e+06
1.231549125000000000e+06
1.257137750000000000e+06
1.351672000000000000e+06
1.136711875000000000e+06
1.076493125000000000e+06
1.718223750000000000e+06
1.592995250000000000e+06
1.401839625000000000e+06
1.261358000000000000e+06
1.486547500000000000e+06
1.176284750000000000e+06
1.424089750000000000e+06
1.683119375000000000e+06
1.494613125000000000e+06
1.219512125000000000e+06
9.456695000000000000e+05
1.763097250000000000e+06
1.406001750000000000e+06
1.131422750000000000e+06
8.183421250000000000e+05
1.223544125000000000e+06
1.147868875000000000e+06
1.563498250000000000e+06
1.432219250000000000e+06
1.034498687500000000e+06
6.840207500000000000e+05
6.667019375000000000e+05
5.997195625000000000e+05
4.649638125000000000e+05
3.452623125000000000e+05
2.871987812500000000e+05
2.636993750000000000e+05
5.234431875000000000e+05
2.990369375000000000e+05
7.440714843750000000e+04
2.686282421875000000e+04
8.510727539062500000e+03
2.106351562500000000e+03
0.000000000000000000e+00
0.000000000000000000e+00
2.912825781250000000e+04
5.885089453125000000e+04
3.166086914062500000e+04
8.426707812500000000e+04
3.334971562500000000e+05
6.279069375000000000e+05
6.280921875000000000e+05
6.648276875000000000e+05
8.047916250000000000e+05
8.821926875000000000e+05
5.557013750000000000e+05
5.542199375000000000e+05
4.100808437500000000e+05
2.533952812500000000e+05
6.993621826171875000e+02
2.686115625000000000e+04
3.622180175781250000e+03
1.188364715576171875e+02
1.886707226562500000e+04
0.000000000000000000e+00
0.000000000000000000e+00
0.000000000000000000e+00
0.000000000000000000e+00
0.000000000000000000e+00
0.000000000000000000e+00
0.000000000000000000e+00
0.000000000000000000e+00
0.000000000000000000e+00
0.000000000000000000e+00
0.000000000000000000e+00
0.000000000000000000e+00
0.000000000000000000e+00
0.000000000000000000e+00
0.000000000000000000e+00
0.000000000000000000e+00
0.000000000000000000e+00
0.000000000000000000e+00
1.000366113281250000e+04
1.176795078125000000e+05
1.579611875000000000e+05
1.957425000000000000e+04
0.000000000000000000e+00
1.074941528320312500e+03
4.404012500000000000e+05
1.597650312500000000e+05
2.796491562500000000e+05
4.261677500000000000e+05
5.884545625000000000e+05
6.284642500000000000e+05
7.133065625000000000e+05
5.830730625000000000e+05
4.151494375000000000e+05
3.759644062500000000e+05
7.877755625000000000e+05
5.594053125000000000e+05
1.363066562500000000e+05
9.246082812500000000e+04
9.285344726562500000e+03
0.000000000000000000e+00
1.334927368164062500e+03
0.000000000000000000e+00
0.000000000000000000e+00
1.181187890625000000e+05
4.126133750000000000e+05
3.058352187500000000e+05
2.383858398437500000e+04
0.000000000000000000e+00
0.000000000000000000e+00
0.000000000000000000e+00
0.000000000000000000e+00
0.000000000000000000e+00
4.268092187500000000e+04
3.828067500000000000e+05
2.883200312500000000e+05
2.920617500000000000e+05
2.196312255859375000e+03
0.000000000000000000e+00
8.372340625000000000e+04
3.477442187500000000e+04
0.000000000000000000e+00
0.000000000000000000e+00
0.000000000000000000e+00
3.773316040039062500e+02
2.881594375000000000e+05
6.627041250000000000e+05
6.619541250000000000e+05
9.891281875000000000e+05
6.545244375000000000e+05
2.640645625000000000e+05
0.000000000000000000e+00
5.699107055664062500e+02
0.000000000000000000e+00
0.000000000000000000e+00
0.000000000000000000e+00
0.000000000000000000e+00
0.000000000000000000e+00
0.000000000000000000e+00
0.000000000000000000e+00
0.000000000000000000e+00
0.000000000000000000e+00
0.000000000000000000e+00
0.000000000000000000e+00
0.000000000000000000e+00
0.000000000000000000e+00
0.000000000000000000e+00
0.000000000000000000e+00
0.000000000000000000e+00
3.719944580078125000e+03
3.445519140625000000e+04
0.000000000000000000e+00
0.000000000000000000e+00
1.494660156250000000e+04
1.264714687500000000e+05
1.906675937500000000e+05
1.460790937500000000e+05
2.320180908203125000e+03
6.907003784179687500e+01
0.000000000000000000e+00
0.000000000000000000e+00
0.000000000000000000e+00
0.000000000000000000e+00
0.000000000000000000e+00
0.000000000000000000e+00
2.489970458984375000e+03
1.064661171875000000e+05
0.000000000000000000e+00
0.000000000000000000e+00
0.000000000000000000e+00
0.000000000000000000e+00
0.000000000000000000e+00
0.000000000000000000e+00
0.000000000000000000e+00
0.000000000000000000e+00
1.793206445312500000e+04
0.000000000000000000e+00
0.000000000000000000e+00
0.000000000000000000e+00
0.000000000000000000e+00
0.000000000000000000e+00
1.639065551757812500e+03
1.133629989624023438e+01
2.435799218750000000e+04
2.952240429687500000e+04
6.386156875000000000e+05
7.671735625000000000e+05
4.235546562500000000e+05
3.384469375000000000e+05
1.165705234375000000e+05
2.361405625000000000e+05
1.336223125000000000e+05
0.000000000000000000e+00
0.000000000000000000e+00
0.000000000000000000e+00
0.000000000000000000e+00
0.000000000000000000e+00
0.000000000000000000e+00
0.000000000000000000e+00
0.000000000000000000e+00
2.782397216796875000e+03
0.000000000000000000e+00
0.000000000000000000e+00
0.000000000000000000e+00
0.000000000000000000e+00
0.000000000000000000e+00
0.000000000000000000e+00
0.000000000000000000e+00
3.536792578125000000e+04
5.472692968750000000e+04
1.089309062500000000e+05
2.520583906250000000e+05
7.386029375000000000e+05
6.456627500000000000e+05
6.160940625000000000e+05
4.194664062500000000e+05
3.341077812500000000e+05
2.677275937500000000e+05
2.253872187500000000e+05
4.449558203125000000e+04
4.238930468750000000e+04
1.476816250000000000e+05
3.690977812500000000e+05
2.302889062500000000e+05
2.174591718750000000e+05
4.283660000000000000e+05
6.685138125000000000e+05
4.656847187500000000e+05
3.489696875000000000e+05
1.661820468750000000e+05
1.021840468750000000e+05
4.737184765625000000e+04
2.181880468750000000e+05
5.140088125000000000e+05
5.926191250000000000e+05
5.743411250000000000e+05
1.893622968750000000e+05
4.209379687500000000e+05
6.031716875000000000e+05
5.498620703125000000e+04
4.384327812500000000e+05
6.625563125000000000e+05
1.177857500000000000e+06
1.522846750000000000e+06
1.017881937500000000e+06
4.989790625000000000e+05
6.168397500000000000e+05
6.348780625000000000e+05
6.270970000000000000e+05
8.711390625000000000e+05
1.202371875000000000e+06
1.607300750000000000e+06
1.486672125000000000e+06
1.173510500000000000e+06
1.286755875000000000e+06
1.040100437500000000e+06
1.033426437500000000e+06
6.426685625000000000e+05
1.086442375000000000e+06
9.202090000000000000e+05
1.000892812500000000e+06
9.195803125000000000e+05
8.784223750000000000e+05
1.073028250000000000e+06
1.192098250000000000e+06
1.428625750000000000e+06
1.329553500000000000e+06
1.189011500000000000e+06
1.679337250000000000e+06
1.719549375000000000e+06
1.583981375000000000e+06
1.249699000000000000e+06
1.360687375000000000e+06
1.734105875000000000e+06
1.728054750000000000e+06
9.429661875000000000e+05
1.077753375000000000e+06
1.488123375000000000e+06
1.698941625000000000e+06
1.560916000000000000e+06
1.729505875000000000e+06
1.894375500000000000e+06
1.863433375000000000e+06
1.907043625000000000e+06
2.608694250000000000e+06
2.533889000000000000e+06
1.999377875000000000e+06
1.480681250000000000e+06
1.467824875000000000e+06
1.182208750000000000e+06
1.495568500000000000e+06
1.507157000000000000e+06
1.730010625000000000e+06
1.788180500000000000e+06
1.389992250000000000e+06
1.653181875000000000e+06
2.437020250000000000e+06
2.893948250000000000e+06
2.993465500000000000e+06
2.858905000000000000e+06
2.759326000000000000e+06
2.710924750000000000e+06
2.078533625000000000e+06
1.777467750000000000e+06
1.662069000000000000e+06
1.293143125000000000e+06
1.704545875000000000e+06
2.169920000000000000e+06
1.478728750000000000e+06
1.397113125000000000e+06
1.597406875000000000e+06
1.788623375000000000e+06
2.112948000000000000e+06
2.409983000000000000e+06
2.738657000000000000e+06
3.021072000000000000e+06
3.358251750000000000e+06
3.235607500000000000e+06
3.050183250000000000e+06
2.908315500000000000e+06
2.557774000000000000e+06
2.571445000000000000e+06
2.259667500000000000e+06
2.457121500000000000e+06
2.867101250000000000e+06
2.927035750000000000e+06
3.031148000000000000e+06
2.152649500000000000e+06
1.823976625000000000e+06
2.022129500000000000e+06
1.997804000000000000e+06
1.881460000000000000e+06
1.658857625000000000e+06
1.857131500000000000e+06
1.609317125000000000e+06
1.594256625000000000e+06
1.628162250000000000e+06
1.723076125000000000e+06
1.810933250000000000e+06
1.505072375000000000e+06
1.307934750000000000e+06
1.273586250000000000e+06
1.278814375000000000e+06
1.663642750000000000e+06
2.198972750000000000e+06
2.120883750000000000e+06
2.077902750000000000e+06
1.474441875000000000e+06
1.607490375000000000e+06
1.446144375000000000e+06
1.583100875000000000e+06
1.465810500000000000e+06
1.681165500000000000e+06
1.766691625000000000e+06
1.701080250000000000e+06
1.405937750000000000e+06
1.264192375000000000e+06
1.513393750000000000e+06
1.484593875000000000e+06
1.768264000000000000e+06
1.874461625000000000e+06
1.786792875000000000e+06
1.618141750000000000e+06
1.700893750000000000e+06
1.879628000000000000e+06
1.907676250000000000e+06
1.882340625000000000e+06
2.025469000000000000e+06
2.019668750000000000e+06
1.978390250000000000e+06
1.684505875000000000e+06
1.554364750000000000e+06
1.319720625000000000e+06
1.373857500000000000e+06
1.513707500000000000e+06
1.397051250000000000e+06
1.426291500000000000e+06
1.405937750000000000e+06
9.747249375000000000e+05
1.222348125000000000e+06
1.072747875000000000e+06
1.190964250000000000e+06
1.153475625000000000e+06
1.013415000000000000e+06
1.362074000000000000e+06
1.434931000000000000e+06
1.286884750000000000e+06
1.992759625000000000e+06
1.523604375000000000e+06
1.151333625000000000e+06
1.291420000000000000e+06
1.195880000000000000e+06
1.072274750000000000e+06
8.686250625000000000e+05
6.181440000000000000e+05
8.688752500000000000e+05
1.078823375000000000e+06
8.337177500000000000e+05
7.840982500000000000e+05
1.072711875000000000e+06
9.908280000000000000e+05
1.526628625000000000e+06
1.277483750000000000e+06
8.689392500000000000e+05
8.486573125000000000e+05
9.428406250000000000e+05
7.086131875000000000e+05
9.415204375000000000e+05
8.288206875000000000e+05
9.227873125000000000e+05
9.083312500000000000e+05
8.777326250000000000e+05
7.334671250000000000e+05
6.577073750000000000e+05
5.071594375000000000e+05
4.660462187500000000e+05
1.813332153320312500e+03
0.000000000000000000e+00
0.000000000000000000e+00
7.545905273437500000e+03
3.220194091796875000e+03
0.000000000000000000e+00
0.000000000000000000e+00
3.494194687500000000e+05
5.265731875000000000e+05
4.291390625000000000e+05
1.302917031250000000e+05
2.709083007812500000e+04
6.697644375000000000e+05
1.237347250000000000e+06
8.249950000000000000e+05
8.550305468750000000e+04
0.000000000000000000e+00
5.292155000000000000e+05
7.827193125000000000e+05
9.990695000000000000e+05
8.158965625000000000e+05
3.227831562500000000e+05
2.574166406250000000e+05
2.385771240234375000e+03
1.116838574218750000e+04
3.103340000000000000e+05
9.205248125000000000e+05
1.005423500000000000e+06
7.647293125000000000e+05
5.077100625000000000e+05
1.226581835937500000e+04
0.000000000000000000e+00
5.168919531250000000e+04
3.012452187500000000e+05
8.025649218750000000e+04
5.239488671875000000e+04
5.787438125000000000e+05
5.449721250000000000e+05
7.240761875000000000e+05
5.814030625000000000e+05
1.406803437500000000e+05
8.796468750000000000e+04
3.239920507812500000e+04
1.037433837890625000e+03
0.000000000000000000e+00
0.000000000000000000e+00
1.782151757812500000e+04
5.627844140625000000e+04
4.123778750000000000e+05
9.445425000000000000e+04
5.319365722656250000e+03
0.000000000000000000e+00
0.000000000000000000e+00
2.879812109375000000e+04
0.000000000000000000e+00
0.000000000000000000e+00
3.475754296875000000e+04
7.901392578125000000e+03
4.672937500000000000e+04
1.283584472656250000e+03
5.636341796875000000e+03
5.341960937500000000e+04
1.171407421875000000e+05
1.523362968750000000e+05
1.267015332031250000e+04
0.000000000000000000e+00
0.000000000000000000e+00
0.000000000000000000e+00
0.000000000000000000e+00
0.000000000000000000e+00
0.000000000000000000e+00
0.000000000000000000e+00
0.000000000000000000e+00
0.000000000000000000e+00
3.596855468750000000e+04
3.974220312500000000e+05
2.245994375000000000e+05
8.432188281250000000e+04
2.320827656250000000e+05
2.535825927734375000e+03
0.000000000000000000e+00
0.000000000000000000e+00
0.000000000000000000e+00
4.914688476562500000e+03
9.362272656250000000e+04
3.272981562500000000e+05
7.454920625000000000e+05
4.186372500000000000e+05
2.711936914062500000e+04
3.181246875000000000e+05
6.272208125000000000e+05
6.694517500000000000e+05
2.178473906250000000e+05
0.000000000000000000e+00
0.000000000000000000e+00
0.000000000000000000e+00
0.000000000000000000e+00
1.429615356445312500e+03
1.826633398437500000e+04
2.357489013671875000e+03
6.804826562500000000e+04
4.484689687500000000e+05
1.854800781250000000e+04
5.715391015625000000e+04
0.000000000000000000e+00
2.076509765625000000e+04
0.000000000000000000e+00
0.000000000000000000e+00
0.000000000000000000e+00
0.000000000000000000e+00
5.852383203125000000e+04
3.280451562500000000e+04
8.713381958007812500e+02
0.000000000000000000e+00
0.000000000000000000e+00
0.000000000000000000e+00
0.000000000000000000e+00
4.861857299804687500e+02
1.914092500000000000e+05
6.053590625000000000e+05
3.316668750000000000e+05
2.401243906250000000e+05
6.679092968750000000e+04
3.682145312500000000e+04
2.159229888916015625e+02
0.000000000000000000e+00
5.800580566406250000e+03
5.780886840820312500e+02
1.782151757812500000e+04
3.638456640625000000e+04
8.331763281250000000e+04
1.801302500000000000e+05
7.043757812500000000e+04
5.607196484375000000e+04
8.054612500000000000e+04
8.667065625000000000e+04
2.177017343750000000e+05
6.451007500000000000e+05
6.642027500000000000e+05
5.851750000000000000e+05
5.822683750000000000e+05
1.259593625000000000e+06
1.109435750000000000e+06
1.265936625000000000e+06
9.488758750000000000e+05
5.975520000000000000e+05
4.271178437500000000e+05
4.072005000000000000e+05
7.455547500000000000e+05
7.493760625000000000e+05
5.081992812500000000e+05
3.250615937500000000e+05
5.375227500000000000e+05
1.109435750000000000e+06
8.606500000000000000e+05
1.360069687500000000e+05
1.143127246093750000e+04
7.473915625000000000e+04
6.095135000000000000e+05
6.049870000000000000e+05
6.649538750000000000e+05
5.230139687500000000e+05
4.011636875000000000e+05
4.005783750000000000e+05
2.783773125000000000e+05
2.644825937500000000e+05
2.129636875000000000e+05
1.976803593750000000e+05
3.349412812500000000e+05
4.166261562500000000e+05
3.870221875000000000e+05
5.967176562500000000e+04
8.157821093750000000e+04
6.093278125000000000e+05
3.317224375000000000e+05
2.772405078125000000e+04
1.297966601562500000e+04
2.190155781250000000e+05
3.613541875000000000e+05
5.021513437500000000e+05
6.132991250000000000e+05
9.899464375000000000e+05
1.165318375000000000e+06
1.452007750000000000e+06
1.311718125000000000e+06
8.546860000000000000e+05
5.838762500000000000e+05
3.953811875000000000e+05
6.361225625000000000e+05
1.151646750000000000e+06
1.138858750000000000e+06
1.318017000000000000e+06
1.317451500000000000e+06
3.691550625000000000e+05
7.629728125000000000e+05
1.233627000000000000e+06
1.506590625000000000e+06
1.565010250000000000e+06
9.851646250000000000e+05
1.354448000000000000e+06
1.227956750000000000e+06
1.527385000000000000e+06
1.764988000000000000e+06
1.942967250000000000e+06
1.918138750000000000e+06
1.196949875000000000e+06
1.125437875000000000e+06
1.869864625000000000e+06
1.976621250000000000e+06
1.896776125000000000e+06
1.322933375000000000e+06
1.470916750000000000e+06
1.697933375000000000e+06
1.318017000000000000e+06
1.164310125000000000e+06
1.349529875000000000e+06
1.580705750000000000e+06
1.444128500000000000e+06
1.801544500000000000e+06
2.059561250000000000e+06
2.002655625000000000e+06
2.010403875000000000e+06
1.828832750000000000e+06
2.132106000000000000e+06
1.635724500000000000e+06
1.793162875000000000e+06
2.077525625000000000e+06
2.314563250000000000e+06
1.688792375000000000e+06
1.528394375000000000e+06
1.584737250000000000e+06
1.538225250000000000e+06
2.113383000000000000e+06
2.655529750000000000e+06
2.762729250000000000e+06
2.342103500000000000e+06
2.643612750000000000e+06
2.650232250000000000e+06
2.630381500000000000e+06
2.824241250000000000e+06
3.053533250000000000e+06
3.227474000000000000e+06
3.564586750000000000e+06
3.646020500000000000e+06
3.368020250000000000e+06
2.967245000000000000e+06
3.166338750000000000e+06
3.570896750000000000e+06
3.658933750000000000e+06
3.736462750000000000e+06
3.637698250000000000e+06
3.366001500000000000e+06
3.295598000000000000e+06
3.250722000000000000e+06
2.755607500000000000e+06
2.132294250000000000e+06
2.364862000000000000e+06
2.337248000000000000e+06
2.028493250000000000e+06
2.319856000000000000e+06
2.584432000000000000e+06
3.028820000000000000e+06
2.900182250000000000e+06
2.528717750000000000e+06
2.676323250000000000e+06
3.061655000000000000e+06
2.296541000000000000e+06
2.105573500000000000e+06
1.311080750000000000e+06
1.509738500000000000e+06
1.706944875000000000e+06
1.638556625000000000e+06
1.799842375000000000e+06
2.197781750000000000e+06
2.358741750000000000e+06
2.307064500000000000e+06
2.337248000000000000e+06
3.085477250000000000e+06
3.013316250000000000e+06
2.917198000000000000e+06
2.886007250000000000e+06
2.713822000000000000e+06
2.551220250000000000e+06
2.554687750000000000e+06
2.611852750000000000e+06
2.405376000000000000e+06
2.702857750000000000e+06
2.718611750000000000e+06
2.503950500000000000e+06
2.286199250000000000e+06
2.095805125000000000e+06
1.841187875000000000e+06
1.383501000000000000e+06
1.291103375000000000e+06
1.433922625000000000e+06
1.546038750000000000e+06
1.878495125000000000e+06
1.878749875000000000e+06
1.650283125000000000e+06
1.652361875000000000e+06
1.919838125000000000e+06
1.957464625000000000e+06
2.077085000000000000e+06
2.252169250000000000e+06
2.357922250000000000e+06
1.724465250000000000e+06
1.761585000000000000e+06
1.793603750000000000e+06
1.642659875000000000e+06
1.780117250000000000e+06
1.879628000000000000e+06
2.210763000000000000e+06
2.376766500000000000e+06
2.416277000000000000e+06
2.407206250000000000e+06
1.862045875000000000e+06
1.754334125000000000e+06
1.794041125000000000e+06
1.984755000000000000e+06
1.478604750000000000e+06
1.727173250000000000e+06
1.614358750000000000e+06
1.352998375000000000e+06
1.289595125000000000e+06
1.374801250000000000e+06
1.392699125000000000e+06
1.418542375000000000e+06
9.254263750000000000e+05
1.302702125000000000e+06
1.118382250000000000e+06
7.637245625000000000e+05
7.209445000000000000e+05
7.721872500000000000e+05
1.141695375000000000e+06
1.454970125000000000e+06
1.722008000000000000e+06
1.422136000000000000e+06
1.062827750000000000e+06
8.115043125000000000e+05
4.763487500000000000e+05
3.480139375000000000e+05
6.752955468750000000e+04
5.411647265625000000e+04
5.976591796875000000e+04
4.741768750000000000e+05
7.368501875000000000e+05
5.737977500000000000e+05
6.809779687500000000e+04
5.056197265625000000e+03
0.000000000000000000e+00
4.398583007812500000e+03
2.532406250000000000e+05
1.512808437500000000e+05
2.676228125000000000e+05
4.368818437500000000e+05
2.635951562500000000e+05
3.568155937500000000e+05
2.410869218750000000e+05
5.790529375000000000e+05
2.646392500000000000e+05
2.194540312500000000e+05
3.748174687500000000e+05
9.750390000000000000e+05
1.312030625000000000e+06
7.119433125000000000e+05
4.921541875000000000e+05
3.849994375000000000e+05
6.839584375000000000e+05
5.697183750000000000e+05
2.584882500000000000e+05
2.103197851562500000e+04
2.968340312500000000e+05
9.175081250000000000e+05
8.336555625000000000e+05
5.375191875000000000e+05
2.225750976562500000e+03
7.525107812500000000e+04
4.774733984375000000e+04
9.063086718750000000e+04
7.442399375000000000e+05
7.562680625000000000e+05
8.246796875000000000e+05
5.627382500000000000e+05
1.009124453125000000e+05
6.522495312500000000e+04
2.664176250000000000e+05
5.271910000000000000e+05
4.533294687500000000e+05
2.721968125000000000e+05
1.633657500000000000e+05
3.115880126953125000e+03
0.000000000000000000e+00
0.000000000000000000e+00
5.205704687500000000e+04
4.660462187500000000e+05
8.549365625000000000e+05
3.602743125000000000e+05
2.993061250000000000e+05
2.443878906250000000e+05
0.000000000000000000e+00
0.000000000000000000e+00
0.000000000000000000e+00
9.186090698242187500e+02
2.068735468750000000e+05
5.766415000000000000e+05
1.328418000000000000e+06
7.522588125000000000e+05
4.589556250000000000e+05
2.361911718750000000e+05
3.524630000000000000e+05
2.395179218750000000e+05
1.629374687500000000e+05
1.207778046875000000e+05
3.615881640625000000e+04
2.042017059326171875e+02
0.000000000000000000e+00
0.000000000000000000e+00
0.000000000000000000e+00
0.000000000000000000e+00
1.300443164062500000e+04
1.376317675781250000e+04
3.251246289062500000e+04
2.472112792968750000e+03
0.000000000000000000e+00
2.385771240234375000e+03
1.427801406250000000e+05
3.213009062500000000e+05
5.669388750000000000e+05
2.094691406250000000e+04
0.000000000000000000e+00
0.000000000000000000e+00
0.000000000000000000e+00
0.000000000000000000e+00
0.000000000000000000e+00
0.000000000000000000e+00
0.000000000000000000e+00
0.000000000000000000e+00
0.000000000000000000e+00
0.000000000000000000e+00
0.000000000000000000e+00
0.000000000000000000e+00
0.000000000000000000e+00
0.000000000000000000e+00
0.000000000000000000e+00
0.000000000000000000e+00
0.000000000000000000e+00
0.000000000000000000e+00
1.848983750000000000e+05
2.496487548828125000e+03
0.000000000000000000e+00
0.000000000000000000e+00
0.000000000000000000e+00
0.000000000000000000e+00
0.000000000000000000e+00
0.000000000000000000e+00
0.000000000000000000e+00
0.000000000000000000e+00
0.000000000000000000e+00
0.000000000000000000e+00
0.000000000000000000e+00
0.000000000000000000e+00
1.025791702270507812e+02
9.757796875000000000e+04
8.910339062500000000e+04
3.450548828125000000e+04
1.031282128906250000e+04
8.332769531250000000e+03
1.496570605468750000e+04
0.000000000000000000e+00
0.000000000000000000e+00
3.529972265625000000e+04
0.000000000000000000e+00
0.000000000000000000e+00
0.000000000000000000e+00
0.000000000000000000e+00
2.061102294921875000e+03
3.698402812500000000e+05
5.272785156250000000e+04
2.660791796875000000e+04
1.443964062500000000e+04
0.000000000000000000e+00
0.000000000000000000e+00
0.000000000000000000e+00
0.000000000000000000e+00
0.000000000000000000e+00
0.000000000000000000e+00
0.000000000000000000e+00
0.000000000000000000e+00
8.815118164062500000e+03
1.601915136718750000e+04
0.000000000000000000e+00
0.000000000000000000e+00
0.000000000000000000e+00
0.000000000000000000e+00
0.000000000000000000e+00
0.000000000000000000e+00
0.000000000000000000e+00
0.000000000000000000e+00
0.000000000000000000e+00
0.000000000000000000e+00
0.000000000000000000e+00
6.633105957031250000e+03
2.592922460937500000e+04
2.359813690185546875e+02
8.850403906250000000e+04
7.111097656250000000e+03
3.241539843750000000e+04
3.329460546875000000e+04
1.126274902343750000e+04
0.000000000000000000e+00
0.000000000000000000e+00
1.701808203125000000e+04
2.703366992187500000e+04
5.272488750000000000e+05
0.000000000000000000e+00
0.000000000000000000e+00
0.000000000000000000e+00
0.000000000000000000e+00
0.000000000000000000e+00
0.000000000000000000e+00
3.581003952026367188e+01
1.014027709960937500e+03
6.797351684570312500e+02
5.761665625000000000e+04
0.000000000000000000e+00
0.000000000000000000e+00
0.000000000000000000e+00
0.000000000000000000e+00
0.000000000000000000e+00
5.386871484375000000e+04
4.090547500000000000e+05
0.000000000000000000e+00
6.282545625000000000e+05
8.761616250000000000e+05
8.603915625000000000e+05
8.713887500000000000e+05
1.057413000000000000e+06
1.233312750000000000e+06
6.882113125000000000e+05
5.248553125000000000e+05
5.892585000000000000e+05
4.865676875000000000e+05
3.609557500000000000e+05
2.780598437500000000e+05
2.150847968750000000e+05
4.079058750000000000e+05
5.885776250000000000e+05
6.153479375000000000e+05
4.406999062500000000e+05
5.119293750000000000e+05
6.064743750000000000e+05
9.297011875000000000e+05
9.289475000000000000e+05
9.156856875000000000e+05
1.045702937500000000e+06
9.281285000000000000e+05
1.351544125000000000e+06
1.792089375000000000e+06
2.097065375000000000e+06
1.860723625000000000e+06
1.719609625000000000e+06
1.911898000000000000e+06
1.673033125000000000e+06
1.571501375000000000e+06
1.551146250000000000e+06
1.359993750000000000e+06
1.503624750000000000e+06
1.059678625000000000e+06
1.169919250000000000e+06
1.405937750000000000e+06
1.524550500000000000e+06
1.671396375000000000e+06
1.376567125000000000e+06
6.091406250000000000e+05
8.335936250000000000e+05
1.396422625000000000e+06
2.027420750000000000e+06
2.094415000000000000e+06
1.500412375000000000e+06
1.094318125000000000e+06
1.109120750000000000e+06
1.141883500000000000e+06
1.143327500000000000e+06
1.092113875000000000e+06
1.426988875000000000e+06
1.844652375000000000e+06
1.813201375000000000e+06
7.479976875000000000e+05
1.223860750000000000e+06
1.686710625000000000e+06
1.666417625000000000e+06
1.923367875000000000e+06
2.223239500000000000e+06
2.325655750000000000e+06
2.150700250000000000e+06
2.026035625000000000e+06
1.805382875000000000e+06
1.391379375000000000e+06
1.680533750000000000e+06
1.416840125000000000e+06
1.024995250000000000e+06
1.188760000000000000e+06
1.199407875000000000e+06
1.243587375000000000e+06
1.478858375000000000e+06
1.717216875000000000e+06
2.112315500000000000e+06
1.761585000000000000e+06
1.460516250000000000e+06
1.680533750000000000e+06
2.091519750000000000e+06
2.406573000000000000e+06
2.539120500000000000e+06
2.851343250000000000e+06
2.272148000000000000e+06
2.054145125000000000e+06
1.903353625000000000e+06
2.312041500000000000e+06
2.211705750000000000e+06
2.178302750000000000e+06
1.685073375000000000e+06
1.756480000000000000e+06
1.977505500000000000e+06
2.043304875000000000e+06
2.344309000000000000e+06
2.451387000000000000e+06
2.001835500000000000e+06
2.030699375000000000e+06
2.107652500000000000e+06
2.012927500000000000e+06
2.018349375000000000e+06
1.754275375000000000e+06
1.975234875000000000e+06
1.787611125000000000e+06
1.806646000000000000e+06
1.528459125000000000e+06
1.649906000000000000e+06
2.023641750000000000e+06
2.558972500000000000e+06
2.987978750000000000e+06
2.681112250000000000e+06
2.331640000000000000e+06
2.029564500000000000e+06
1.924755625000000000e+06
2.027356125000000000e+06
1.800218250000000000e+06
1.815153750000000000e+06
1.822026125000000000e+06
1.752509125000000000e+06
1.631376500000000000e+06
1.504253625000000000e+06
1.757044250000000000e+06
1.681919625000000000e+06
1.579487250000000000e+06
1.851898875000000000e+06
2.233261500000000000e+06
2.369454750000000000e+06
1.999624500000000000e+06
1.659358250000000000e+06
1.781121875000000000e+06
2.052125875000000000e+06
2.160273750000000000e+06
2.353321250000000000e+06
2.173887250000000000e+06
1.932383000000000000e+06
1.494864875000000000e+06
1.530223500000000000e+06
1.650283125000000000e+06
1.750618750000000000e+06
1.657342375000000000e+06
1.572575625000000000e+06
1.160090250000000000e+06
1.276991500000000000e+06
1.412490875000000000e+06
1.267537125000000000e+06
1.108367125000000000e+06
1.293250625000000000e+06
1.682865750000000000e+06
1.643099875000000000e+06
1.499214250000000000e+06
1.579188500000000000e+06
8.877825000000000000e+05
9.213400625000000000e+05
1.094193625000000000e+06
1.377576500000000000e+06
1.542512000000000000e+06
1.959168000000000000e+06
1.804125750000000000e+06
1.550769125000000000e+06
1.277179875000000000e+06
9.485633125000000000e+05
1.072649625000000000e+06
1.057915375000000000e+06
1.314929500000000000e+06
1.174329625000000000e+06
1.260475750000000000e+06
1.324699875000000000e+06
1.281717500000000000e+06
1.323502500000000000e+06
8.182178750000000000e+05
9.513908125000000000e+05
2.034167375000000000e+06
1.560598375000000000e+06
1.799716000000000000e+06
1.009638687500000000e+06
9.932195000000000000e+05
7.180651250000000000e+05
6.909803125000000000e+05
6.552725625000000000e+05
7.114917500000000000e+05
9.566114375000000000e+05
5.716345000000000000e+05
5.857944375000000000e+05
5.265118750000000000e+05
3.076217187500000000e+05
1.843543906250000000e+05
1.848148593750000000e+05
0.000000000000000000e+00
0.000000000000000000e+00
4.632574768066406250e+02
0.000000000000000000e+00
0.000000000000000000e+00
0.000000000000000000e+00
0.000000000000000000e+00
5.643932421875000000e+04
1.586125468750000000e+05
3.063765000000000000e+05
8.290716875000000000e+05
1.703754375000000000e+05
2.552322265625000000e+04
3.168626708984375000e+03
0.000000000000000000e+00
0.000000000000000000e+00
0.000000000000000000e+00
0.000000000000000000e+00
0.000000000000000000e+00
0.000000000000000000e+00
0.000000000000000000e+00
0.000000000000000000e+00
1.376317675781250000e+04
3.845955000000000000e+05
4.689463281250000000e+04
3.548746875000000000e+04
4.042671250000000000e+05
2.434720000000000000e+05
3.712882385253906250e+02
0.000000000000000000e+00
0.000000000000000000e+00
0.000000000000000000e+00
0.000000000000000000e+00
0.000000000000000000e+00
0.000000000000000000e+00
0.000000000000000000e+00
1.723317656250000000e+05
1.767850000000000000e+04
1.593831835937500000e+04
0.000000000000000000e+00
2.795961875000000000e+05
1.061534082031250000e+04
8.904620312500000000e+04
7.280523437500000000e+04
4.662624218750000000e+04
1.057369238281250000e+04
4.324715000000000000e+05
5.389962500000000000e+05
2.961392382812500000e+04
0.000000000000000000e+00
0.000000000000000000e+00
8.232432812500000000e+04
4.700191562500000000e+05
2.432687343750000000e+05
8.116375976562500000e+03
0.000000000000000000e+00
0.000000000000000000e+00
1.488943945312500000e+04
8.115385937500000000e+04
2.950084687500000000e+05
1.321351562500000000e+03
0.000000000000000000e+00
0.000000000000000000e+00
0.000000000000000000e+00
0.000000000000000000e+00
0.000000000000000000e+00
0.000000000000000000e+00
1.809596562500000000e+05
1.588427968750000000e+05
2.571550000000000000e+04
1.618505625000000000e+05
2.065442500000000000e+05
1.967989062500000000e+04
2.659985000000000000e+05
1.804259843750000000e+05
8.342558593750000000e+04
0.000000000000000000e+00
0.000000000000000000e+00
0.000000000000000000e+00
1.408323486328125000e+03
1.664775585937500000e+04
9.735389404296875000e+02
5.731569921875000000e+04
2.130119062500000000e+05
8.221732031250000000e+04
8.810643750000000000e+04
4.754435000000000000e+05
1.280566718750000000e+05
2.325631445312500000e+04
7.097537597656250000e+03
7.303347656250000000e+04
1.960594062500000000e+05
4.057924687500000000e+05
4.820872812500000000e+05
3.184535937500000000e+05
7.824343750000000000e+04
3.099548242187500000e+04
6.097062890625000000e+04
1.942743906250000000e+05
2.925971250000000000e+05
8.925347900390625000e+02
0.000000000000000000e+00
0.000000000000000000e+00
0.000000000000000000e+00
0.000000000000000000e+00
1.708685546875000000e+03
0.000000000000000000e+00
0.000000000000000000e+00
0.000000000000000000e+00
0.000000000000000000e+00
0.000000000000000000e+00
0.000000000000000000e+00
0.000000000000000000e+00
0.000000000000000000e+00
0.000000000000000000e+00
0.000000000000000000e+00
0.000000000000000000e+00
0.000000000000000000e+00
1.360600292968750000e+04
0.000000000000000000e+00
0.000000000000000000e+00
0.000000000000000000e+00
0.000000000000000000e+00
0.000000000000000000e+00
3.217351562500000000e+04
5.454577734375000000e+04
0.000000000000000000e+00
0.000000000000000000e+00
0.000000000000000000e+00
0.000000000000000000e+00
0.000000000000000000e+00
5.833984863281250000e+03
0.000000000000000000e+00
0.000000000000000000e+00
6.563956250000000000e+04
8.832937622070312500e+02
0.000000000000000000e+00
0.000000000000000000e+00
0.000000000000000000e+00
0.000000000000000000e+00
1.331218414306640625e+02
0.000000000000000000e+00
0.000000000000000000e+00
0.000000000000000000e+00
7.257739062500000000e+04
8.415820312500000000e+04
0.000000000000000000e+00
0.000000000000000000e+00
0.000000000000000000e+00
0.000000000000000000e+00
0.000000000000000000e+00
0.000000000000000000e+00
0.000000000000000000e+00
0.000000000000000000e+00
0.000000000000000000e+00
0.000000000000000000e+00
0.000000000000000000e+00
0.000000000000000000e+00
0.000000000000000000e+00
0.000000000000000000e+00
2.932202880859375000e+03
4.695667480468750000e+03
0.000000000000000000e+00
0.000000000000000000e+00
1.231574569828808308e-03
7.224880468750000000e+04
5.171116015625000000e+04
6.763389892578125000e+02
0.000000000000000000e+00
1.523194091796875000e+03
4.115887890625000000e+04
6.472165527343750000e+03
0.000000000000000000e+00
0.000000000000000000e+00
0.000000000000000000e+00
0.000000000000000000e+00
0.000000000000000000e+00
1.000465026855468750e+03
3.822891875000000000e+05
4.916066562500000000e+05
5.214196250000000000e+05
5.190910312500000000e+05
5.913013750000000000e+05
8.997209375000000000e+05
1.450686000000000000e+06
1.519002250000000000e+06
1.110254750000000000e+06
7.159375625000000000e+05
8.991548750000000000e+05
1.078886750000000000e+06
1.162547625000000000e+06
1.292369000000000000e+06
1.240937875000000000e+06
9.590635000000000000e+05
6.989120625000000000e+05
6.532129375000000000e+05
3.902069375000000000e+05
3.661906875000000000e+05
5.840615000000000000e+05
6.410473750000000000e+05
7.362873750000000000e+05
4.328291562500000000e+05
7.550141875000000000e+05
1.040857750000000000e+06
1.139801250000000000e+06
1.022664437500000000e+06
9.896940625000000000e+05
8.448913750000000000e+05
7.559536250000000000e+05
8.490957500000000000e+05
8.520458125000000000e+05
7.941924375000000000e+05
8.061110625000000000e+05
1.102001500000000000e+06
1.299968500000000000e+06
1.266143000000000000e+06
8.853337500000000000e+05
8.969563750000000000e+05
8.740261250000000000e+05
1.001900875000000000e+06
1.571124500000000000e+06
1.867277375000000000e+06
1.747593500000000000e+06
1.141252500000000000e+06
5.913635625000000000e+05
8.577055000000000000e+05
1.106098000000000000e+06
1.596651875000000000e+06
1.594256625000000000e+06
1.521082375000000000e+06
7.768886250000000000e+05
1.052251375000000000e+06
1.805382875000000000e+06
2.013368750000000000e+06
2.044567125000000000e+06
1.810933250000000000e+06
1.883853750000000000e+06
1.855868250000000000e+06
2.115593500000000000e+06
2.268551250000000000e+06
2.123538500000000000e+06
2.408468750000000000e+06
2.548761000000000000e+06
1.613036625000000000e+06
1.863371125000000000e+06
2.198037000000000000e+06
1.918201500000000000e+06
1.832737125000000000e+06
1.423521875000000000e+06
2.014881500000000000e+06
2.342480000000000000e+06
2.185611000000000000e+06
2.278512500000000000e+06
1.972404250000000000e+06
2.517629000000000000e+06
2.180257250000000000e+06
2.184667750000000000e+06
2.435633000000000000e+06
2.846994750000000000e+06
2.630947750000000000e+06
2.341533000000000000e+06
2.404494750000000000e+06
2.760018000000000000e+06
2.141878000000000000e+06
1.616060000000000000e+06
1.385579875000000000e+06
1.062512500000000000e+06
1.206909375000000000e+06
1.397935500000000000e+06
1.632573500000000000e+06
1.910004875000000000e+06
1.640515000000000000e+06
2.165639000000000000e+06
2.688928000000000000e+06
3.059319500000000000e+06
3.040032000000000000e+06
2.822914750000000000e+06
2.847427750000000000e+06
2.719741000000000000e+06
0.000000000000000000e+00
2.043993625000000000e+06
1.859649125000000000e+06
1.776962625000000000e+06
2.125992250000000000e+06
2.111812500000000000e+06
1.918829500000000000e+06
2.180448000000000000e+06
2.565586000000000000e+06
2.780942250000000000e+06
3.087999750000000000e+06
2.901767250000000000e+06
1.855427375000000000e+06
2.643612750000000000e+06
2.917139000000000000e+06
2.426872000000000000e+06
2.374754250000000000e+06
1.725974125000000000e+06
1.395792750000000000e+06
1.488815250000000000e+06
1.418983375000000000e+06
1.621607250000000000e+06
1.796815000000000000e+06
1.719295500000000000e+06
1.655579250000000000e+06
1.940576750000000000e+06
1.274906625000000000e+06
1.485539875000000000e+06
1.811816250000000000e+06
1.386650500000000000e+06
1.559846125000000000e+06
1.872635500000000000e+06
1.851960500000000000e+06
1.670076500000000000e+06
1.575724250000000000e+06
1.476589375000000000e+06
1.487682125000000000e+06
1.187121000000000000e+06
1.470728125000000000e+06
1.902759500000000000e+06
2.215426750000000000e+06
2.166834000000000000e+06
1.993514375000000000e+06
1.941963000000000000e+06
1.821835000000000000e+06
1.398880750000000000e+06
1.448100625000000000e+06
1.816291125000000000e+06
1.982925750000000000e+06
1.701711250000000000e+06
1.687973250000000000e+06
1.436377625000000000e+06
1.693174250000000000e+06
1.204263500000000000e+06
8.022833750000000000e+05
8.438871250000000000e+05
9.829011875000000000e+05
1.161226375000000000e+06
9.960485000000000000e+05
1.101685750000000000e+06
1.089718625000000000e+06
1.870088125000000000e+05
6.913963281250000000e+04
7.344906250000000000e+05
7.698682500000000000e+05
3.830373125000000000e+05
1.589964687500000000e+05
7.738797656250000000e+04
2.002311250000000000e+05
2.769480625000000000e+05
3.424077187500000000e+05
4.015145312500000000e+05
2.180905156250000000e+05
1.201610625000000000e+05
8.633578125000000000e+04
1.274920781250000000e+05
1.551005937500000000e+05
4.189337187500000000e+05
5.276168750000000000e+05
4.081404375000000000e+05
3.581185937500000000e+05
3.364977187500000000e+05
1.466746093750000000e+05
2.598495625000000000e+05
3.038350625000000000e+05
1.975900000000000000e+05
5.114226171875000000e+04
2.098062500000000000e+05
4.277715937500000000e+05
6.740779375000000000e+05
8.206645625000000000e+05
9.568630625000000000e+05
5.891972500000000000e+05
6.516518750000000000e+05
3.682415625000000000e+05
9.940564843750000000e+04
2.942178222656250000e+03
3.385346191406250000e+03
1.050710156250000000e+05
6.094695312500000000e+04
6.837068750000000000e+05
1.032042750000000000e+06
1.381357500000000000e+06
1.139047125000000000e+06
5.597766875000000000e+05
4.892363750000000000e+05
2.773719375000000000e+05
1.961040937500000000e+05
2.060677148437500000e+04
0.000000000000000000e+00
0.000000000000000000e+00
0.000000000000000000e+00
