7.050597500000000000e+05
2.664380625000000000e+05
1.101162031250000000e+05
6.878990625000000000e+05
6.958516250000000000e+05
1.313517812500000000e+05
1.315721093750000000e+05
3.514120312500000000e+05
5.383638750000000000e+05
4.712812187500000000e+05
6.841335000000000000e+05
3.924382187500000000e+05
1.687590000000000000e+05
1.551562031250000000e+05
2.126459179687500000e+04
1.721719921875000000e+04
1.375954531250000000e+05
2.201491875000000000e+05
1.375954531250000000e+05
1.999789218750000000e+05
5.333102050781250000e+03
1.118955468750000000e+05
3.854859375000000000e+05
4.674489062500000000e+05
7.384186875000000000e+05
4.243862500000000000e+05
8.598651250000000000e+05
8.640995625000000000e+05
3.113473125000000000e+05
1.428371777343750000e+04
0.000000000000000000e+00
1.743369506835937500e+03
1.567786816406250000e+04
1.482838437500000000e+05
5.008697500000000000e+05
1.710736562500000000e+05
5.686095312500000000e+04
1.064081640625000000e+05
2.728796250000000000e+05
9.447878906250000000e+04
1.805282187500000000e+05
7.932295000000000000e+05
5.611336250000000000e+05
3.786366250000000000e+05
5.010036250000000000e+05
1.641283593750000000e+05
0.000000000000000000e+00
0.000000000000000000e+00
0.000000000000000000e+00
0.000000000000000000e+00
0.000000000000000000e+00
0.000000000000000000e+00
1.294228515625000000e+05
3.278438437500000000e+05
8.520338750000000000e+05
6.530689375000000000e+05
7.698440000000000000e+05
6.144612500000000000e+05
6.455574375000000000e+05
8.475285156250000000e+04
1.505434062500000000e+05
8.400327148437500000e+03
5.095627746582031250e+02
1.667971679687500000e+04
1.998895312500000000e+05
6.516620605468750000e+03
1.119288281250000000e+05
4.457703125000000000e+05
1.193825859375000000e+05
8.792373437500000000e+04
4.135680000000000000e+05
1.641283593750000000e+05
1.463106093750000000e+05
5.181876171875000000e+04
1.397099218750000000e+05
1.549945625000000000e+05
8.314133593750000000e+04
9.795405468750000000e+04
3.754132187500000000e+05
9.465175625000000000e+05
6.802309375000000000e+05
7.735764375000000000e+05
5.876086250000000000e+05
4.928046875000000000e+05
6.647628125000000000e+05
3.788847500000000000e+05
2.286108906250000000e+05
5.382275625000000000e+05
7.892133125000000000e+05
1.276816125000000000e+06
1.783730500000000000e+06
1.433837625000000000e+06
4.567962500000000000e+05
3.891137500000000000e+05
6.223628125000000000e+05
6.724950625000000000e+05
5.648180625000000000e+05
5.348418750000000000e+05
8.167028750000000000e+05
8.638157500000000000e+05
1.142865000000000000e+06
8.557742500000000000e+05
7.620343125000000000e+05
8.049292500000000000e+05
8.128956250000000000e+05
8.559853750000000000e+05
7.618940000000000000e+05
6.648331875000000000e+05
6.031200625000000000e+05
6.263169375000000000e+05
8.169144375000000000e+05
1.154627625000000000e+06
1.367433875000000000e+06
1.501369375000000000e+06
1.099650500000000000e+06
9.815144375000000000e+05
1.162421625000000000e+06
8.952994375000000000e+05
1.052275500000000000e+06
8.363055625000000000e+05
8.205802500000000000e+05
1.060345875000000000e+06
6.918053125000000000e+05
6.842738750000000000e+05
6.764673750000000000e+05
8.207908125000000000e+05
1.111406625000000000e+06
8.636036250000000000e+05
1.162510750000000000e+06
7.579551250000000000e+05
1.044417312500000000e+06
1.907527625000000000e+06
2.455996750000000000e+06
2.636999250000000000e+06
2.731972750000000000e+06
2.353356000000000000e+06
1.947064625000000000e+06
1.320239250000000000e+06
1.678966000000000000e+06
1.962680375000000000e+06
1.540978000000000000e+06
1.970841375000000000e+06
1.667043000000000000e+06
1.982624250000000000e+06
1.387163000000000000e+06
1.710693625000000000e+06
1.970772625000000000e+06
2.018044375000000000e+06
2.156030500000000000e+06
2.116847750000000000e+06
2.006257875000000000e+06
2.022018375000000000e+06
2.163911250000000000e+06
1.651496375000000000e+06
1.501654625000000000e+06
1.603795250000000000e+06
1.525078125000000000e+06
1.044629500000000000e+06
1.584490000000000000e+06
2.104853250000000000e+06
2.676463250000000000e+06
2.542600750000000000e+06
1.797432125000000000e+06
1.702531625000000000e+06
1.899790375000000000e+06
2.376995500000000000e+06
2.617480500000000000e+06
3.071121250000000000e+06
3.055294500000000000e+06
2.640899750000000000e+06
2.392612750000000000e+06
1.891838000000000000e+06
2.369113750000000000e+06
2.751637000000000000e+06
2.739638750000000000e+06
2.305941250000000000e+06
1.986527875000000000e+06
1.990643375000000000e+06
2.140491250000000000e+06
2.207548250000000000e+06
2.492125750000000000e+06
2.175407000000000000e+06
2.274001500000000000e+06
2.214730250000000000e+06
2.113085250000000000e+06
2.331144250000000000e+06
2.485666750000000000e+06
2.251217750000000000e+06
2.656162750000000000e+06
3.135358750000000000e+06
3.265114750000000000e+06
2.793516500000000000e+06
2.854341250000000000e+06
3.359805000000000000e+06
3.627257500000000000e+06
3.474149250000000000e+06
3.349720250000000000e+06
3.151187500000000000e+06
3.228766000000000000e+06
3.238989500000000000e+06
3.179794000000000000e+06
2.750287750000000000e+06
2.094134750000000000e+06
1.941455375000000000e+06
2.216861500000000000e+06
1.885517875000000000e+06
1.759175000000000000e+06
2.085615500000000000e+06
2.318150000000000000e+06
2.429808000000000000e+06
2.269386000000000000e+06
2.439456500000000000e+06
2.381543250000000000e+06
2.576101500000000000e+06
2.348673500000000000e+06
2.395380500000000000e+06
2.478639500000000000e+06
2.342003750000000000e+06
2.442865500000000000e+06
2.576101500000000000e+06
2.455856750000000000e+06
1.925483375000000000e+06
2.135658500000000000e+06
2.121393750000000000e+06
2.168450250000000000e+06
2.547209000000000000e+06
2.551755750000000000e+06
1.905643375000000000e+06
2.030322625000000000e+06
2.280814750000000000e+06
1.829060500000000000e+06
2.029735375000000000e+06
2.004344125000000000e+06
2.092434375000000000e+06
1.890065750000000000e+06
2.050840500000000000e+06
2.153689000000000000e+06
2.149429500000000000e+06
2.567367750000000000e+06
2.757173000000000000e+06
2.623086000000000000e+06
2.299197750000000000e+06
2.324819250000000000e+06
2.388358500000000000e+06
2.475166000000000000e+06
2.579006750000000000e+06
2.582768250000000000e+06
2.170582000000000000e+06
1.982342125000000000e+06
1.465740375000000000e+06
1.664058875000000000e+06
1.717862375000000000e+06
1.875724250000000000e+06
1.869127000000000000e+06
1.561137875000000000e+06
1.800489000000000000e+06
1.663210750000000000e+06
1.512228625000000000e+06
1.636450500000000000e+06
1.418960500000000000e+06
1.491788750000000000e+06
1.608056250000000000e+06
1.496759000000000000e+06
1.733689000000000000e+06
1.501866125000000000e+06
1.264966875000000000e+06
8.974908750000000000e+05
1.140738500000000000e+06
9.929732500000000000e+05
8.332731250000000000e+05
8.313695625000000000e+05
7.987973125000000000e+05
8.105698125000000000e+05
8.396915000000000000e+05
1.410728125000000000e+06
9.494150625000000000e+05
6.706133750000000000e+05
7.429110625000000000e+05
5.783218750000000000e+05
6.172328750000000000e+05
4.939008437500000000e+05
1.086193375000000000e+06
1.202972875000000000e+06
1.403347875000000000e+06
2.020100250000000000e+06
1.540552250000000000e+06
1.003582937500000000e+06
4.394751875000000000e+05
1.843101562500000000e+04
9.799743164062500000e+03
3.239641015625000000e+04
5.201796562500000000e+05
5.700163750000000000e+05
7.500105625000000000e+05
4.119750000000000000e+05
3.352738952636718750e+02
0.000000000000000000e+00
0.000000000000000000e+00
3.881753125000000000e+05
7.542277500000000000e+05
2.287093750000000000e+05
6.618396250000000000e+05
7.104550625000000000e+05
8.787785625000000000e+05
8.395484375000000000e+05
8.024629375000000000e+05
7.611918125000000000e+05
1.682562500000000000e+05
9.941700781250000000e+04
1.813146093750000000e+04
3.238626875000000000e+05
5.010036250000000000e+05
1.054256625000000000e+06
1.201131125000000000e+06
9.364127500000000000e+05
7.245289375000000000e+05
7.509246250000000000e+05
7.952033125000000000e+05
3.962735312500000000e+05
7.773378906250000000e+04
2.083042968750000000e+03
1.841588867187500000e+03
0.000000000000000000e+00
0.000000000000000000e+00
1.981809179687500000e+04
1.975417773437500000e+04
0.000000000000000000e+00
4.960051269531250000e+03
0.000000000000000000e+00
9.309907226562500000e+03
7.065089062500000000e+04
2.321107421875000000e+04
0.000000000000000000e+00
0.000000000000000000e+00
0.000000000000000000e+00
2.616624218750000000e+05
6.234887695312500000e+02
0.000000000000000000e+00
0.000000000000000000e+00
0.000000000000000000e+00
0.000000000000000000e+00
0.000000000000000000e+00
0.000000000000000000e+00
0.000000000000000000e+00
0.000000000000000000e+00
0.000000000000000000e+00
4.291576171875000000e+03
7.315870971679687500e+02
0.000000000000000000e+00
3.563145828247070312e+01
2.186966796875000000e+04
1.359449687500000000e+05
1.963742773437500000e+04
1.028336562500000000e+05
3.495603906250000000e+04
1.553647265625000000e+04
0.000000000000000000e+00
0.000000000000000000e+00
0.000000000000000000e+00
1.768456562500000000e+05
1.787695937500000000e+05
1.624587695312500000e+04
2.213144335937500000e+04
0.000000000000000000e+00
7.476647949218750000e+03
0.000000000000000000e+00
1.517802343750000000e+05
7.070983125000000000e+05
7.651296250000000000e+05
1.739941875000000000e+05
0.000000000000000000e+00
0.000000000000000000e+00
0.000000000000000000e+00
0.000000000000000000e+00
0.000000000000000000e+00
2.102538867187500000e+04
1.735110351562500000e+04
0.000000000000000000e+00
9.187873437500000000e+04
5.399223125000000000e+05
1.353102500000000000e+05
1.526208125000000000e+05
0.000000000000000000e+00
0.000000000000000000e+00
0.000000000000000000e+00
0.000000000000000000e+00
0.000000000000000000e+00
0.000000000000000000e+00
2.331038818359375000e+03
1.527008437500000000e+05
2.294986406250000000e+05
4.623085937500000000e+05
2.182216875000000000e+05
2.840629296875000000e+04
0.000000000000000000e+00
0.000000000000000000e+00
3.301812500000000000e+03
7.419431304931640625e+01
0.000000000000000000e+00
3.403051562500000000e+04
9.692197656250000000e+04
3.724413281250000000e+04
1.216424707031250000e+04
0.000000000000000000e+00
0.000000000000000000e+00
0.000000000000000000e+00
0.000000000000000000e+00
0.000000000000000000e+00
0.000000000000000000e+00
4.200883125000000000e+05
7.028351250000000000e+05
3.089315625000000000e+05
9.700877685546875000e+02
5.970617187500000000e+03
9.590029296875000000e+03
0.000000000000000000e+00
0.000000000000000000e+00
0.000000000000000000e+00
0.000000000000000000e+00
3.314599609375000000e+03
3.469728437500000000e+05
1.851736694335937500e+03
0.000000000000000000e+00
0.000000000000000000e+00
0.000000000000000000e+00
0.000000000000000000e+00
0.000000000000000000e+00
0.000000000000000000e+00
0.000000000000000000e+00
0.000000000000000000e+00
0.000000000000000000e+00
0.000000000000000000e+00
0.000000000000000000e+00
0.000000000000000000e+00
0.000000000000000000e+00
0.000000000000000000e+00
0.000000000000000000e+00
0.000000000000000000e+00
0.000000000000000000e+00
0.000000000000000000e+00
0.000000000000000000e+00
0.000000000000000000e+00
0.000000000000000000e+00
0.000000000000000000e+00
7.469173583984375000e+02
0.000000000000000000e+00
0.000000000000000000e+00
0.000000000000000000e+00
0.000000000000000000e+00
0.000000000000000000e+00
7.343643188476562500e+02
1.119288281250000000e+05
1.489162031250000000e+05
3.520817812500000000e+05
8.060561718750000000e+04
7.697742500000000000e+05
6.945956250000000000e+05
1.309480234375000000e+05
2.161656093750000000e+05
8.711556875000000000e+05
6.903397500000000000e+05
5.254431250000000000e+05
2.235673125000000000e+05
3.101673437500000000e+05
3.252078125000000000e+05
5.498329375000000000e+05
5.789405625000000000e+05
8.339089375000000000e+05
6.992728125000000000e+05
6.215997500000000000e+05
6.539035000000000000e+05
5.430416250000000000e+05
3.855491562500000000e+05
2.216626562500000000e+05
2.337948125000000000e+05
2.817810312500000000e+05
5.661160625000000000e+05
9.470135625000000000e+05
1.180711625000000000e+06
1.129472875000000000e+06
1.113532125000000000e+06
1.015893812500000000e+06
8.870382500000000000e+05
6.966910625000000000e+05
7.284545000000000000e+05
6.621182500000000000e+05
5.104124375000000000e+05
8.892281875000000000e+05
1.020423812500000000e+06
8.226248750000000000e+05
1.010233000000000000e+06
1.382268750000000000e+06
9.701293125000000000e+05
9.994816250000000000e+05
5.614728750000000000e+05
9.906398125000000000e+05
1.502081500000000000e+06
1.718005125000000000e+06
1.724392250000000000e+06
9.372586250000000000e+05
1.553470500000000000e+06
2.013001250000000000e+06
1.560286250000000000e+06
1.324071750000000000e+06
9.703408750000000000e+05
1.161007250000000000e+06
1.304345875000000000e+06
1.159944000000000000e+06
1.370840375000000000e+06
1.029905562500000000e+06
1.070824125000000000e+06
6.567571250000000000e+05
8.500597500000000000e+05
1.382055125000000000e+06
1.625231500000000000e+06
1.007899375000000000e+06
2.000794750000000000e+06
2.410424750000000000e+06
2.216011250000000000e+06
1.697276000000000000e+06
1.135991375000000000e+06
1.669455125000000000e+06
2.222608250000000000e+06
2.535422500000000000e+06
2.847107750000000000e+06
3.633363000000000000e+06
2.570133250000000000e+06
1.569727000000000000e+06
1.142511125000000000e+06
1.218005000000000000e+06
1.479436750000000000e+06
1.838603375000000000e+06
1.747249500000000000e+06
1.819297625000000000e+06
2.171080750000000000e+06
2.300122250000000000e+06
1.322085875000000000e+06
1.388015375000000000e+06
1.829515375000000000e+06
2.350876500000000000e+06
2.207849000000000000e+06
2.064462375000000000e+06
2.167598000000000000e+06
1.769326000000000000e+06
1.947064625000000000e+06
1.988441875000000000e+06
2.096975625000000000e+06
2.012860500000000000e+06
1.657671875000000000e+06
1.672222500000000000e+06
2.146374000000000000e+06
2.933771000000000000e+06
3.051961250000000000e+06
2.546569250000000000e+06
1.768688000000000000e+06
1.961257625000000000e+06
1.583991500000000000e+06
1.833564000000000000e+06
2.770513250000000000e+06
3.267879750000000000e+06
2.760288250000000000e+06
2.608466250000000000e+06
2.685693250000000000e+06
2.673130500000000000e+06
2.373020750000000000e+06
2.347893000000000000e+06
2.532661500000000000e+06
2.599095250000000000e+06
3.158575250000000000e+06
3.121166000000000000e+06
3.030664250000000000e+06
2.587597000000000000e+06
2.117345250000000000e+06
1.962465250000000000e+06
2.189176750000000000e+06
2.418588000000000000e+06
2.464583250000000000e+06
2.295511750000000000e+06
2.362727250000000000e+06
2.366706000000000000e+06
2.646509750000000000e+06
2.942861500000000000e+06
3.387697750000000000e+06
3.662750750000000000e+06
3.389972000000000000e+06
2.966422750000000000e+06
3.368675500000000000e+06
2.881605250000000000e+06
2.569708750000000000e+06
2.454290000000000000e+06
1.850953125000000000e+06
1.387307125000000000e+06
1.988872375000000000e+06
1.851734750000000000e+06
1.345006500000000000e+06
1.184539000000000000e+06
1.201411625000000000e+06
1.895316000000000000e+06
2.157237750000000000e+06
2.014069750000000000e+06
1.883962375000000000e+06
1.880837875000000000e+06
1.932228250000000000e+06
1.872957375000000000e+06
1.712184500000000000e+06
1.844422000000000000e+06
2.254341250000000000e+06
1.979144750000000000e+06
1.670946625000000000e+06
1.564686375000000000e+06
1.222332250000000000e+06
1.776779625000000000e+06
1.653412375000000000e+06
2.404962250000000000e+06
2.094203625000000000e+06
1.553233625000000000e+06
1.689001625000000000e+06
1.407960750000000000e+06
1.507476125000000000e+06
1.404908375000000000e+06
1.433722875000000000e+06
1.540199000000000000e+06
1.298102375000000000e+06
1.230277125000000000e+06
1.953025625000000000e+06
1.811985125000000000e+06
1.596698500000000000e+06
1.438480000000000000e+06
1.692096625000000000e+06
1.342664750000000000e+06
1.621755875000000000e+06
1.913490500000000000e+06
1.701181625000000000e+06
1.391351125000000000e+06
1.082934000000000000e+06
2.003561250000000000e+06
1.601383875000000000e+06
1.292142375000000000e+06
9.395210000000000000e+05
1.395891375000000000e+06
1.310660250000000000e+06
1.778767250000000000e+06
1.630909375000000000e+06
1.182981375000000000e+06
7.882265625000000000e+05
7.687193750000000000e+05
6.932701250000000000e+05
5.414141875000000000e+05
4.062527812500000000e+05
3.404884687500000000e+05
3.138311875000000000e+05
6.073366875000000000e+05
3.539095312500000000e+05
9.607489843750000000e+04
3.860690234375000000e+04
1.447782617187500000e+04
3.923829589843750000e+03
0.000000000000000000e+00
0.000000000000000000e+00
4.145399609375000000e+04
7.759787500000000000e+04
4.461208593750000000e+04
1.077167578125000000e+05
3.929402500000000000e+05
7.250197500000000000e+05
7.252293125000000000e+05
7.666085000000000000e+05
9.242578750000000000e+05
1.011437375000000000e+06
6.436791875000000000e+05
6.420109375000000000e+05
4.794969375000000000e+05
3.021304062500000000e+05
1.116453125000000000e+03
3.860477734375000000e+04
6.731417968750000000e+03
1.508098297119140625e+02
2.840629296875000000e+04
0.000000000000000000e+00
0.000000000000000000e+00
0.000000000000000000e+00
0.000000000000000000e+00
0.000000000000000000e+00
0.000000000000000000e+00
0.000000000000000000e+00
0.000000000000000000e+00
0.000000000000000000e+00
0.000000000000000000e+00
0.000000000000000000e+00
0.000000000000000000e+00
0.000000000000000000e+00
0.000000000000000000e+00
0.000000000000000000e+00
0.000000000000000000e+00
0.000000000000000000e+00
0.000000000000000000e+00
1.659602343750000000e+04
1.467118281250000000e+05
1.932259375000000000e+05
2.931660351562500000e+04
0.000000000000000000e+00
1.849741577148437500e+03
5.137102187500000000e+05
1.953017812500000000e+05
3.319267500000000000e+05
4.976508125000000000e+05
6.805770625000000000e+05
7.256501250000000000e+05
8.212140000000000000e+05
6.745136875000000000e+05
4.852176562500000000e+05
4.409660625000000000e+05
9.050910000000000000e+05
6.478522500000000000e+05
1.682672187500000000e+05
1.173292343750000000e+05
1.558613867187500000e+04
0.000000000000000000e+00
2.376252929687500000e+03
0.000000000000000000e+00
0.000000000000000000e+00
1.472212812500000000e+05
4.823555000000000000e+05
3.616130312500000000e+05
3.477296093750000000e+04
0.000000000000000000e+00
0.000000000000000000e+00
0.000000000000000000e+00
0.000000000000000000e+00
0.000000000000000000e+00
5.815439843750000000e+04
4.486977187500000000e+05
3.417597187500000000e+05
3.460019375000000000e+05
4.099493164062500000e+03
0.000000000000000000e+00
1.070766015625000000e+05
4.847082421875000000e+04
0.000000000000000000e+00
0.000000000000000000e+00
0.000000000000000000e+00
5.428234863281250000e+02
3.415781875000000000e+05
7.642156250000000000e+05
7.633706875000000000e+05
1.131882875000000000e+06
7.550013750000000000e+05
3.142454687500000000e+05
0.000000000000000000e+00
8.766141357421875000e+02
0.000000000000000000e+00
0.000000000000000000e+00
0.000000000000000000e+00
0.000000000000000000e+00
0.000000000000000000e+00
0.000000000000000000e+00
0.000000000000000000e+00
0.000000000000000000e+00
0.000000000000000000e+00
0.000000000000000000e+00
0.000000000000000000e+00
0.000000000000000000e+00
0.000000000000000000e+00
0.000000000000000000e+00
0.000000000000000000e+00
0.000000000000000000e+00
6.903843750000000000e+03
4.807633203125000000e+04
0.000000000000000000e+00
0.000000000000000000e+00
2.329911132812500000e+04
1.568987812500000000e+05
2.307379531250000000e+05
1.795410312500000000e+05
4.338914550781250000e+03
8.400756835937500000e+01
0.000000000000000000e+00
0.000000000000000000e+00
0.000000000000000000e+00
0.000000000000000000e+00
0.000000000000000000e+00
0.000000000000000000e+00
4.662650878906250000e+03
1.336750000000000000e+05
0.000000000000000000e+00
0.000000000000000000e+00
0.000000000000000000e+00
0.000000000000000000e+00
0.000000000000000000e+00
0.000000000000000000e+00
0.000000000000000000e+00
0.000000000000000000e+00
2.719856835937500000e+04
0.000000000000000000e+00
0.000000000000000000e+00
0.000000000000000000e+00
0.000000000000000000e+00
0.000000000000000000e+00
2.992596679687500000e+03
1.299092864990234375e+01
3.543416796875000000e+04
4.194694140625000000e+04
7.370843125000000000e+05
8.818846250000000000e+05
4.947037187500000000e+05
3.985416562500000000e+05
1.454243593750000000e+05
2.825233437500000000e+05
1.651668750000000000e+05
0.000000000000000000e+00
0.000000000000000000e+00
0.000000000000000000e+00
0.000000000000000000e+00
0.000000000000000000e+00
0.000000000000000000e+00
0.000000000000000000e+00
0.000000000000000000e+00
5.211413574218750000e+03
0.000000000000000000e+00
0.000000000000000000e+00
0.000000000000000000e+00
0.000000000000000000e+00
0.000000000000000000e+00
0.000000000000000000e+00
0.000000000000000000e+00
4.920351562500000000e+04
7.267136718750000000e+04
1.365441406250000000e+05
3.006125625000000000e+05
8.497081250000000000e+05
7.450204375000000000e+05
7.117139375000000000e+05
4.900888750000000000e+05
3.936314375000000000e+05
3.184028437500000000e+05
2.702956562500000000e+05
6.035678125000000000e+04
5.779987890625000000e+04
1.813882968750000000e+05
4.332048437500000000e+05
2.758699687500000000e+05
2.612755468750000000e+05
5.001320937500000000e+05
7.707605000000000000e+05
5.422273125000000000e+05
4.104471875000000000e+05
2.026769843750000000e+05
1.286859687500000000e+05
6.383498437500000000e+04
2.621053906250000000e+05
5.967043750000000000e+05
6.852700625000000000e+05
6.646785625000000000e+05
2.292469531250000000e+05
4.917501562500000000e+05
6.971581875000000000e+05
7.298148437500000000e+04
5.114885000000000000e+05
7.640495000000000000e+05
1.344439500000000000e+06
1.732983375000000000e+06
1.164263500000000000e+06
5.797656875000000000e+05
7.125535000000000000e+05
7.328723125000000000e+05
7.241077500000000000e+05
9.989853125000000000e+05
1.372046500000000000e+06
1.828095250000000000e+06
1.692241375000000000e+06
1.339542875000000000e+06
1.467088750000000000e+06
1.189288500000000000e+06
1.181774500000000000e+06
7.416496250000000000e+05
1.241485750000000000e+06
1.054256625000000000e+06
1.145131500000000000e+06
1.053549125000000000e+06
1.007190375000000000e+06
1.226376875000000000e+06
1.360474875000000000e+06
1.626865000000000000e+06
1.515282750000000000e+06
1.357000500000000000e+06
1.909230000000000000e+06
1.954514875000000000e+06
1.801833875000000000e+06
1.425346250000000000e+06
1.550352000000000000e+06
1.970911250000000000e+06
1.964099625000000000e+06
1.079890500000000000e+06
1.231696625000000000e+06
1.693870375000000000e+06
1.931304250000000000e+06
1.775857250000000000e+06
1.965733625000000000e+06
2.151416000000000000e+06
2.116565000000000000e+06
2.165686750000000000e+06
2.955921500000000000e+06
2.871667000000000000e+06
2.269673250000000000e+06
1.685495125000000000e+06
1.671016500000000000e+06
1.349336875000000000e+06
1.702258000000000000e+06
1.715307625000000000e+06
1.966296250000000000e+06
2.031813375000000000e+06
1.583355500000000000e+06
1.879772750000000000e+06
2.762568750000000000e+06
3.277179500000000000e+06
3.389259250000000000e+06
3.237716500000000000e+06
3.125564500000000000e+06
3.071050500000000000e+06
2.358824500000000000e+06
2.019747875000000000e+06
1.889782250000000000e+06
1.474279250000000000e+06
1.937624625000000000e+06
2.461748750000000000e+06
1.683295375000000000e+06
1.591374375000000000e+06
1.816955125000000000e+06
2.032309250000000000e+06
2.397582500000000000e+06
2.732111250000000000e+06
3.102281750000000000e+06
3.420347750000000000e+06
3.800102500000000000e+06
3.661967000000000000e+06
3.453138750000000000e+06
3.293364250000000000e+06
2.898561000000000000e+06
2.913967750000000000e+06
2.562827250000000000e+06
2.785213500000000000e+06
3.246940500000000000e+06
3.314446500000000000e+06
3.431703250000000000e+06
2.442294000000000000e+06
2.072129375000000000e+06
2.295298000000000000e+06
2.267899500000000000e+06
2.136868500000000000e+06
1.886159500000000000e+06
2.109469000000000000e+06
1.830370625000000000e+06
1.813403750000000000e+06
1.851592625000000000e+06
1.958489125000000000e+06
2.057437500000000000e+06
1.712965750000000000e+06
1.490937750000000000e+06
1.452252875000000000e+06
1.458144500000000000e+06
1.891555250000000000e+06
2.494469500000000000e+06
2.406524500000000000e+06
2.358115750000000000e+06
1.678468625000000000e+06
1.828309625000000000e+06
1.646596375000000000e+06
1.800841750000000000e+06
1.668744875000000000e+06
1.911289750000000000e+06
2.007610125000000000e+06
1.933718125000000000e+06
1.601314250000000000e+06
1.441674500000000000e+06
1.722335875000000000e+06
1.689898250000000000e+06
2.009385625000000000e+06
2.128987000000000000e+06
2.030253125000000000e+06
1.840306250000000000e+06
1.933502500000000000e+06
2.134807500000000000e+06
2.166389250000000000e+06
2.137858500000000000e+06
2.299058750000000000e+06
2.292528750000000000e+06
2.246034250000000000e+06
1.915049625000000000e+06
1.768471125000000000e+06
1.504207875000000000e+06
1.565182375000000000e+06
1.722689875000000000e+06
1.591304000000000000e+06
1.624241500000000000e+06
1.601314250000000000e+06
1.115656875000000000e+06
1.394543875000000000e+06
1.226063750000000000e+06
1.359201625000000000e+06
1.316975750000000000e+06
1.159233875000000000e+06
1.551908750000000000e+06
1.633963750000000000e+06
1.467228625000000000e+06
2.262219000000000000e+06
1.733835000000000000e+06
1.314564000000000000e+06
1.472338500000000000e+06
1.364737250000000000e+06
1.225528625000000000e+06
9.961566875000000000e+05
7.140230625000000000e+05
9.964376250000000000e+05
1.232901625000000000e+06
9.568380000000000000e+05
9.009503750000000000e+05
1.226022250000000000e+06
1.133795625000000000e+06
1.737240250000000000e+06
1.456641375000000000e+06
9.965096250000000000e+05
9.736645000000000000e+05
1.079748000000000000e+06
8.159266875000000000e+05
1.078260500000000000e+06
9.513226875000000000e+05
1.057162375000000000e+06
1.040877750000000000e+06
1.006414000000000000e+06
8.439233750000000000e+05
7.585889375000000000e+05
5.889855625000000000e+05
5.426345000000000000e+05
3.342817871093750000e+03
0.000000000000000000e+00
0.000000000000000000e+00
1.305950585937500000e+04
6.013758789062500000e+03
0.000000000000000000e+00
0.000000000000000000e+00
4.109558750000000000e+05
6.108630000000000000e+05
5.010036250000000000e+05
1.613175312500000000e+05
3.889432031250000000e+04
7.721682500000000000e+05
1.411439375000000000e+06
9.470135625000000000e+05
1.091701718750000000e+05
0.000000000000000000e+00
6.138389375000000000e+05
8.993957500000000000e+05
1.143079000000000000e+06
9.367645000000000000e+05
3.808117812500000000e+05
3.066978437500000000e+05
4.464535156250000000e+03
1.821094921875000000e+04
3.667105312500000000e+05
1.054611125000000000e+06
1.150235500000000000e+06
8.791326875000000000e+05
5.896051250000000000e+05
1.971165820312500000e+04
0.000000000000000000e+00
6.903127343750000000e+04
3.564117500000000000e+05
1.029888515625000000e+05
6.987800000000000000e+04
6.696393750000000000e+05
6.315909375000000000e+05
8.333424375000000000e+05
6.726333750000000000e+05
1.733155468750000000e+05
1.120616406250000000e+05
4.552932812500000000e+04
1.774576782226562500e+03
0.000000000000000000e+00
0.000000000000000000e+00
2.705543750000000000e+04
7.452648437500000000e+04
4.820887812500000000e+05
1.196612421875000000e+05
9.595495117187500000e+03
0.000000000000000000e+00
0.000000000000000000e+00
4.104051953125000000e+04
0.000000000000000000e+00
0.000000000000000000e+00
4.844993359375000000e+04
1.358765917968750000e+04
6.305924609375000000e+04
2.271916259765625000e+03
1.010521679687500000e+04
7.110623437500000000e+04
1.460865937500000000e+05
1.867510468750000000e+05
2.025987109375000000e+04
0.000000000000000000e+00
0.000000000000000000e+00
0.000000000000000000e+00
0.000000000000000000e+00
0.000000000000000000e+00
0.000000000000000000e+00
0.000000000000000000e+00
0.000000000000000000e+00
0.000000000000000000e+00
4.994401171875000000e+04
4.652060937500000000e+05
2.693993125000000000e+05
1.077808750000000000e+05
2.779100625000000000e+05
4.749338378906250000e+03
0.000000000000000000e+00
0.000000000000000000e+00
0.000000000000000000e+00
8.935512695312500000e+03
1.186884687500000000e+05
3.859236250000000000e+05
8.574665625000000000e+05
4.891547812500000000e+05
3.893036328125000000e+04
3.755365312500000000e+05
7.242490000000000000e+05
7.718163750000000000e+05
2.617179218750000000e+05
0.000000000000000000e+00
0.000000000000000000e+00
0.000000000000000000e+00
0.000000000000000000e+00
2.568566162109375000e+03
2.763089648437500000e+04
4.410462890625000000e+03
8.853942968750000000e+04
5.228106562500000000e+05
2.799473828125000000e+04
7.557224218750000000e+04
0.000000000000000000e+00
3.084500976562500000e+04
0.000000000000000000e+00
0.000000000000000000e+00
0.000000000000000000e+00
0.000000000000000000e+00
7.720774218750000000e+04
4.603214453125000000e+04
1.446594482421875000e+03
0.000000000000000000e+00
0.000000000000000000e+00
0.000000000000000000e+00
0.000000000000000000e+00
7.274284667968750000e+02
2.315854062500000000e+05
6.996211250000000000e+05
3.908687812500000000e+05
2.870522812500000000e+05
8.704698437500000000e+04
5.099388281250000000e+04
2.898415832519531250e+02
0.000000000000000000e+00
1.036671777343750000e+04
8.914743652343750000e+02
2.705543750000000000e+04
5.045629687500000000e+04
1.065986796875000000e+05
2.186805312500000000e+05
9.137333593750000000e+04
7.427978906250000000e+04
1.033308515625000000e+05
1.105424218750000000e+05
2.615522968750000000e+05
7.443883750000000000e+05
7.659035000000000000e+05
6.768852500000000000e+05
6.736092500000000000e+05
1.436494625000000000e+06
1.267377750000000000e+06
1.443637375000000000e+06
1.086546875000000000e+06
6.908286250000000000e+05
4.987235937500000000e+05
4.762452500000000000e+05
8.575374375000000000e+05
8.618406875000000000e+05
5.901568125000000000e+05
3.833917812500000000e+05
6.231985000000000000e+05
1.267377750000000000e+06
9.871723125000000000e+05
1.679212500000000000e+05
1.857215039062500000e+04
9.646782031250000000e+04
7.043022500000000000e+05
6.992030000000000000e+05
7.667486875000000000e+05
6.068523125000000000e+05
4.694302812500000000e+05
4.687694375000000000e+05
3.304840625000000000e+05
3.147195937500000000e+05
2.561597031250000000e+05
2.387433750000000000e+05
3.945739687500000000e+05
4.868845937500000000e+05
4.534590937500000000e+05
7.857673437500000000e+04
1.045483515625000000e+05
7.040915000000000000e+05
3.909313125000000000e+05
3.969183203125000000e+04
2.067774023437500000e+04
2.630469062500000000e+05
4.244506875000000000e+05
5.833408125000000000e+05
7.085651250000000000e+05
1.132800375000000000e+06
1.330315500000000000e+06
1.653199750000000000e+06
1.495195625000000000e+06
9.804536250000000000e+05
6.754203125000000000e+05
4.629006562500000000e+05
7.342759375000000000e+05
1.314915625000000000e+06
1.300513625000000000e+06
1.502296000000000000e+06
1.501654625000000000e+06
4.332688750000000000e+05
8.771555625000000000e+05
1.407250375000000000e+06
1.714671500000000000e+06
1.780468125000000000e+06
1.127418250000000000e+06
1.543319375000000000e+06
1.400860625000000000e+06
1.738093375000000000e+06
2.005692625000000000e+06
2.206148250000000000e+06
2.178176000000000000e+06
1.365943500000000000e+06
1.285399375000000000e+06
2.123808000000000000e+06
2.244045250000000000e+06
2.154118000000000000e+06
1.507829875000000000e+06
1.674493375000000000e+06
1.930171125000000000e+06
1.502296000000000000e+06
1.329183000000000000e+06
1.537782250000000000e+06
1.798143500000000000e+06
1.644326500000000000e+06
2.046863375000000000e+06
2.337457000000000000e+06
2.273368000000000000e+06
2.282092750000000000e+06
2.077598875000000000e+06
2.419154750000000000e+06
1.860110000000000000e+06
2.037425875000000000e+06
2.357690000000000000e+06
2.624655000000000000e+06
1.919875375000000000e+06
1.739226625000000000e+06
1.802686000000000000e+06
1.750301250000000000e+06
2.398076750000000000e+06
3.008653750000000000e+06
3.129397750000000000e+06
2.655668250000000000e+06
2.995241250000000000e+06
3.002696500000000000e+06
2.980339000000000000e+06
3.198674750000000000e+06
3.456914500000000000e+06
3.652817500000000000e+06
4.032492250000000000e+06
4.124202750000000000e+06
3.811097500000000000e+06
3.359733500000000000e+06
3.583959500000000000e+06
4.039589000000000000e+06
4.138748500000000000e+06
4.226057500000000000e+06
4.114832250000000000e+06
3.808827500000000000e+06
3.729547000000000000e+06
3.679009000000000000e+06
3.121382250000000000e+06
2.419368250000000000e+06
2.681291750000000000e+06
2.650200000000000000e+06
2.302461250000000000e+06
2.630611250000000000e+06
2.928591250000000000e+06
3.429078000000000000e+06
3.284208000000000000e+06
2.865845250000000000e+06
3.032081500000000000e+06
3.466067750000000000e+06
2.604343000000000000e+06
2.389271500000000000e+06
1.494482875000000000e+06
1.718216875000000000e+06
1.940317625000000000e+06
1.863300500000000000e+06
2.044943250000000000e+06
2.493126500000000000e+06
2.674410500000000000e+06
2.616203000000000000e+06
2.650200000000000000e+06
3.492894750000000000e+06
3.411618500000000000e+06
3.303371000000000000e+06
3.268233250000000000e+06
3.074314000000000000e+06
2.891187750000000000e+06
2.895087500000000000e+06
2.959466250000000000e+06
2.726933500000000000e+06
3.061964250000000000e+06
3.079711750000000000e+06
2.837952000000000000e+06
2.592710750000000000e+06
2.378275250000000000e+06
2.091507625000000000e+06
1.576042125000000000e+06
1.471984875000000000e+06
1.632827375000000000e+06
1.759103500000000000e+06
2.133528500000000000e+06
2.133813500000000000e+06
1.876506625000000000e+06
1.878850500000000000e+06
2.180093250000000000e+06
2.222467250000000000e+06
2.357191000000000000e+06
2.554382250000000000e+06
2.673491750000000000e+06
1.960051000000000000e+06
2.001859875000000000e+06
2.037919375000000000e+06
1.867917250000000000e+06
2.022727375000000000e+06
2.134807500000000000e+06
2.507742250000000000e+06
2.694703250000000000e+06
2.739214000000000000e+06
2.728991750000000000e+06
2.115001750000000000e+06
1.993695250000000000e+06
2.038416250000000000e+06
2.253205750000000000e+06
1.683152500000000000e+06
1.963102625000000000e+06
1.836047000000000000e+06
1.541689500000000000e+06
1.470283000000000000e+06
1.566248000000000000e+06
1.586406750000000000e+06
1.615505750000000000e+06
1.060131625000000000e+06
1.485044000000000000e+06
1.277455750000000000e+06
8.780023750000000000e+05
8.298185000000000000e+05
8.875328750000000000e+05
1.303707625000000000e+06
1.656535625000000000e+06
1.957284250000000000e+06
1.619551625000000000e+06
1.214887750000000000e+06
9.318173125000000000e+05
5.542525000000000000e+05
4.093648125000000000e+05
8.792373437500000000e+04
7.194070312500000000e+04
7.868897656250000000e+04
5.518041875000000000e+05
8.477323750000000000e+05
6.640663750000000000e+05
8.859825000000000000e+04
9.167563476562500000e+03
0.000000000000000000e+00
8.074568359375000000e+03
3.019555937500000000e+05
1.855354218750000000e+05
3.182832187500000000e+05
5.097397500000000000e+05
3.137130625000000000e+05
4.193196562500000000e+05
2.881459687500000000e+05
6.699873750000000000e+05
3.148978437500000000e+05
2.635463750000000000e+05
4.396697187500000000e+05
1.116012500000000000e+06
1.495549375000000000e+06
8.196786250000000000e+05
5.720722500000000000e+05
4.511741875000000000e+05
7.881558750000000000e+05
6.594708750000000000e+05
3.079146875000000000e+05
3.118699609375000000e+04
3.514120312500000000e+05
1.051213750000000000e+06
9.567665000000000000e+05
6.231941250000000000e+05
4.156645507812500000e+03
9.707353906250000000e+04
6.428796093750000000e+04
1.151868984375000000e+05
8.560551875000000000e+05
8.696026875000000000e+05
9.466587500000000000e+05
6.516083750000000000e+05
1.272032187500000000e+05
8.518664843750000000e+04
3.169154062500000000e+05
6.115580000000000000e+05
5.282925625000000000e+05
3.234730000000000000e+05
1.994418125000000000e+05
5.824899414062500000e+03
0.000000000000000000e+00
0.000000000000000000e+00
6.947266406250000000e+04
5.426345000000000000e+05
9.807370000000000000e+05
4.232304062500000000e+05
3.542145937500000000e+05
2.918970312500000000e+05
0.000000000000000000e+00
0.000000000000000000e+00
0.000000000000000000e+00
1.539094360351562500e+03
2.492237187500000000e+05
6.672706250000000000e+05
1.514006750000000000e+06
8.650870625000000000e+05
5.346383125000000000e+05
2.825808125000000000e+05
4.143974062500000000e+05
2.863623125000000000e+05
1.989491875000000000e+05
1.503048125000000000e+05
5.017828125000000000e+04
2.725606384277343750e+02
0.000000000000000000e+00
0.000000000000000000e+00
0.000000000000000000e+00
0.000000000000000000e+00
2.071111523437500000e+04
2.172842773437500000e+04
4.566982031250000000e+04
4.628809570312500000e+03
0.000000000000000000e+00
4.464535156250000000e+03
1.757374531250000000e+05
3.791331250000000000e+05
6.563396875000000000e+05
3.107796484375000000e+04
0.000000000000000000e+00
0.000000000000000000e+00
0.000000000000000000e+00
0.000000000000000000e+00
0.000000000000000000e+00
0.000000000000000000e+00
0.000000000000000000e+00
0.000000000000000000e+00
0.000000000000000000e+00
0.000000000000000000e+00
0.000000000000000000e+00
0.000000000000000000e+00
0.000000000000000000e+00
0.000000000000000000e+00
0.000000000000000000e+00
0.000000000000000000e+00
0.000000000000000000e+00
0.000000000000000000e+00
2.241418906250000000e+05
4.674987304687500000e+03
0.000000000000000000e+00
0.000000000000000000e+00
0.000000000000000000e+00
0.000000000000000000e+00
0.000000000000000000e+00
0.000000000000000000e+00
0.000000000000000000e+00
0.000000000000000000e+00
0.000000000000000000e+00
0.000000000000000000e+00
0.000000000000000000e+00
0.000000000000000000e+00
1.285344696044921875e+02
1.233113437500000000e+05
1.133969609375000000e+05
4.813840234375000000e+04
1.702717773437500000e+04
1.421960644531250000e+04
2.332433007812500000e+04
0.000000000000000000e+00
0.000000000000000000e+00
4.911936328125000000e+04
0.000000000000000000e+00
0.000000000000000000e+00
0.000000000000000000e+00
0.000000000000000000e+00
3.834938232421875000e+03
4.340444375000000000e+05
7.027714843750000000e+04
3.828517187500000000e+04
2.262833789062500000e+04
0.000000000000000000e+00
0.000000000000000000e+00
0.000000000000000000e+00
0.000000000000000000e+00
0.000000000000000000e+00
0.000000000000000000e+00
0.000000000000000000e+00
0.000000000000000000e+00
1.491639062500000000e+04
2.470917382812500000e+04
0.000000000000000000e+00
0.000000000000000000e+00
0.000000000000000000e+00
0.000000000000000000e+00
0.000000000000000000e+00
0.000000000000000000e+00
0.000000000000000000e+00
0.000000000000000000e+00
0.000000000000000000e+00
0.000000000000000000e+00
0.000000000000000000e+00
1.167022265625000000e+04
3.742735156250000000e+04
3.197962951660156250e+02
1.126941562500000000e+05
1.240294726562500000e+04
4.554938281250000000e+04
4.663978515625000000e+04
1.834072460937500000e+04
0.000000000000000000e+00
0.000000000000000000e+00
2.601289257812500000e+04
3.882234375000000000e+04
6.116242500000000000e+05
0.000000000000000000e+00
0.000000000000000000e+00
0.000000000000000000e+00
0.000000000000000000e+00
0.000000000000000000e+00
0.000000000000000000e+00
4.228025436401367188e+01
1.727865478515625000e+03
1.079519653320312500e+03
7.612489843750000000e+04
0.000000000000000000e+00
0.000000000000000000e+00
0.000000000000000000e+00
0.000000000000000000e+00
0.000000000000000000e+00
7.164401562500000000e+04
4.783393437500000000e+05
0.000000000000000000e+00
7.254116875000000000e+05
1.004643687500000000e+06
9.868810000000000000e+05
9.992671250000000000e+05
1.208787500000000000e+06
1.406898625000000000e+06
7.929468125000000000e+05
6.089258125000000000e+05
6.814837500000000000e+05
5.657740000000000000e+05
4.240006562500000000e+05
3.301244687500000000e+05
2.585738593750000000e+05
4.770408437500000000e+05
6.807176250000000000e+05
7.108748750000000000e+05
5.140477500000000000e+05
5.943589375000000000e+05
7.008780625000000000e+05
1.064947750000000000e+06
1.064101250000000000e+06
1.049160250000000000e+06
1.195599000000000000e+06
1.063179375000000000e+06
1.540055000000000000e+06
2.036213125000000000e+06
2.379692750000000000e+06
2.113515750000000000e+06
1.954584125000000000e+06
2.171151250000000000e+06
1.902129875000000000e+06
1.787778375000000000e+06
1.764855125000000000e+06
1.549565625000000000e+06
1.711335250000000000e+06
1.211341000000000000e+06
1.335494125000000000e+06
1.601314250000000000e+06
1.734902125000000000e+06
1.900285500000000000e+06
1.568234125000000000e+06
7.038814375000000000e+05
9.566964375000000000e+05
1.590597000000000000e+06
2.301264750000000000e+06
2.376712000000000000e+06
1.707713000000000000e+06
1.250352875000000000e+06
1.267024250000000000e+06
1.303921125000000000e+06
1.305551625000000000e+06
1.247868625000000000e+06
1.625023125000000000e+06
2.095415750000000000e+06
2.059993750000000000e+06
8.602888750000000000e+05
1.396248875000000000e+06
1.917533500000000000e+06
1.894679750000000000e+06
2.184069000000000000e+06
2.521793750000000000e+06
2.637142000000000000e+06
2.440101750000000000e+06
2.299696750000000000e+06
2.051191000000000000e+06
1.584913625000000000e+06
1.910576375000000000e+06
1.613591875000000000e+06
1.172276000000000000e+06
1.356716625000000000e+06
1.368711000000000000e+06
1.418462125000000000e+06
1.683437500000000000e+06
1.951888000000000000e+06
2.396872000000000000e+06
2.001859875000000000e+06
1.662780625000000000e+06
1.910576375000000000e+06
2.373446250000000000e+06
2.728282250000000000e+06
2.877554750000000000e+06
3.229197000000000000e+06
2.576878500000000000e+06
2.331361000000000000e+06
2.161529000000000000e+06
2.621815000000000000e+06
2.508807500000000000e+06
2.471184750000000000e+06
1.915685500000000000e+06
1.996111125000000000e+06
2.245042750000000000e+06
2.319148500000000000e+06
2.658152000000000000e+06
2.778747500000000000e+06
2.272437750000000000e+06
2.304953000000000000e+06
2.391621500000000000e+06
2.284928250000000000e+06
2.291036750000000000e+06
1.993625375000000000e+06
2.242484000000000000e+06
2.031180250000000000e+06
2.052612000000000000e+06
1.739299375000000000e+06
1.876080125000000000e+06
2.296999000000000000e+06
2.899918750000000000e+06
3.383075750000000000e+06
3.037474750000000000e+06
2.643892500000000000e+06
2.303672750000000000e+06
2.185630250000000000e+06
2.301190500000000000e+06
2.045371125000000000e+06
2.062196375000000000e+06
2.069928500000000000e+06
1.991638000000000000e+06
1.855211625000000000e+06
1.712043625000000000e+06
1.996750250000000000e+06
1.912139500000000000e+06
1.796771250000000000e+06
2.103577250000000000e+06
2.533086750000000000e+06
2.686475250000000000e+06
2.269955500000000000e+06
1.886727125000000000e+06
2.023862625000000000e+06
2.329082750000000000e+06
2.450889000000000000e+06
2.668303000000000000e+06
2.466217750000000000e+06
2.194221000000000000e+06
1.701469125000000000e+06
1.741289625000000000e+06
1.876506625000000000e+06
1.989509500000000000e+06
1.884454250000000000e+06
1.788986125000000000e+06
1.324427500000000000e+06
1.456084125000000000e+06
1.608694250000000000e+06
1.445437250000000000e+06
1.266173000000000000e+06
1.474397875000000000e+06
1.913203500000000000e+06
1.868416750000000000e+06
1.706366000000000000e+06
1.796441000000000000e+06
1.017733812500000000e+06
1.055530875000000000e+06
1.250210250000000000e+06
1.569372250000000000e+06
1.755128250000000000e+06
2.224389500000000000e+06
2.049772500000000000e+06
1.764428625000000000e+06
1.456299000000000000e+06
1.086193375000000000e+06
1.225951250000000000e+06
1.209357375000000000e+06
1.498813875000000000e+06
1.340462250000000000e+06
1.437485875000000000e+06
1.509815500000000000e+06
1.461408375000000000e+06
1.508468250000000000e+06
9.393800625000000000e+05
1.089376875000000000e+06
2.308855750000000000e+06
1.775497500000000000e+06
2.044799750000000000e+06
1.154984250000000000e+06
1.136486250000000000e+06
8.265738125000000000e+05
7.960671875000000000e+05
7.558458750000000000e+05
8.191703750000000000e+05
1.095257750000000000e+06
6.616308125000000000e+05
6.775814375000000000e+05
6.107937500000000000e+05
3.636371250000000000e+05
2.235196406250000000e+05
2.240461718750000000e+05
0.000000000000000000e+00
0.000000000000000000e+00
6.876455078125000000e+02
0.000000000000000000e+00
0.000000000000000000e+00
0.000000000000000000e+00
0.000000000000000000e+00
7.471874218750000000e+04
1.939757343750000000e+05
3.622266875000000000e+05
9.516069375000000000e+05
2.074927031250000000e+05
3.691321875000000000e+04
5.920573730468750000e+03
0.000000000000000000e+00
0.000000000000000000e+00
0.000000000000000000e+00
0.000000000000000000e+00
0.000000000000000000e+00
0.000000000000000000e+00
0.000000000000000000e+00
0.000000000000000000e+00
2.172842773437500000e+04
4.507180937500000000e+05
6.325889843750000000e+04
4.935102343750000000e+04
4.729343437500000000e+05
2.908568437500000000e+05
5.328882446289062500e+02
0.000000000000000000e+00
0.000000000000000000e+00
0.000000000000000000e+00
0.000000000000000000e+00
0.000000000000000000e+00
0.000000000000000000e+00
0.000000000000000000e+00
2.097377812500000000e+05
2.687018164062500000e+04
2.460326171875000000e+04
0.000000000000000000e+00
3.318667812500000000e+05
1.744723632812500000e+04
1.133299531250000000e+05
9.417860156250000000e+04
6.293467968750000000e+04
1.738949609375000000e+04
5.047645000000000000e+05
6.248607500000000000e+05
4.206137500000000000e+04
0.000000000000000000e+00
0.000000000000000000e+00
1.054281015625000000e+05
5.471161250000000000e+05
2.906262500000000000e+05
1.390371582031250000e+04
0.000000000000000000e+00
0.000000000000000000e+00
2.322362304687500000e+04
1.040478593750000000e+05
3.493424375000000000e+05
2.348663818359375000e+03
0.000000000000000000e+00
0.000000000000000000e+00
0.000000000000000000e+00
0.000000000000000000e+00
0.000000000000000000e+00
0.000000000000000000e+00
2.196308125000000000e+05
1.942405000000000000e+05
3.715686718750000000e+04
1.976996406250000000e+05
2.488490625000000000e+05
2.945236914062500000e+04
3.164401250000000000e+05
2.190195781250000000e+05
1.067258671875000000e+05
0.000000000000000000e+00
0.000000000000000000e+00
0.000000000000000000e+00
2.525348388671875000e+03
2.553067578125000000e+04
1.647436035156250000e+03
7.576553125000000000e+04
2.562147968750000000e+05
1.053020234375000000e+05
1.122277812500000000e+05
5.532313125000000000e+05
1.587330312500000000e+05
3.403051562500000000e+04
1.238232519531250000e+04
9.444874218750000000e+04
2.368940625000000000e+05
4.746557187500000000e+05
5.607235625000000000e+05
3.759085000000000000e+05
1.006115078125000000e+05
4.378432031250000000e+04
8.012472656250000000e+04
2.348571093750000000e+05
3.466084687500000000e+05
1.487990356445312500e+03
0.000000000000000000e+00
0.000000000000000000e+00
0.000000000000000000e+00
0.000000000000000000e+00
3.132893066406250000e+03
0.000000000000000000e+00
0.000000000000000000e+00
0.000000000000000000e+00
0.000000000000000000e+00
0.000000000000000000e+00
0.000000000000000000e+00
0.000000000000000000e+00
0.000000000000000000e+00
0.000000000000000000e+00
0.000000000000000000e+00
0.000000000000000000e+00
0.000000000000000000e+00
2.151840625000000000e+04
0.000000000000000000e+00
0.000000000000000000e+00
0.000000000000000000e+00
0.000000000000000000e+00
0.000000000000000000e+00
4.524904296875000000e+04
7.245446875000000000e+04
0.000000000000000000e+00
0.000000000000000000e+00
0.000000000000000000e+00
0.000000000000000000e+00
0.000000000000000000e+00
1.041973144531250000e+04
0.000000000000000000e+00
0.000000000000000000e+00
8.567938281250000000e+04
1.469928100585937500e+03
0.000000000000000000e+00
0.000000000000000000e+00
0.000000000000000000e+00
0.000000000000000000e+00
1.706300048828125000e+02
0.000000000000000000e+00
0.000000000000000000e+00
0.000000000000000000e+00
9.390900781250000000e+04
1.075882656250000000e+05
0.000000000000000000e+00
0.000000000000000000e+00
0.000000000000000000e+00
0.000000000000000000e+00
0.000000000000000000e+00
0.000000000000000000e+00
0.000000000000000000e+00
0.000000000000000000e+00
0.000000000000000000e+00
0.000000000000000000e+00
0.000000000000000000e+00
0.000000000000000000e+00
0.000000000000000000e+00
0.000000000000000000e+00
5.488822753906250000e+03
8.573097656250000000e+03
0.000000000000000000e+00
0.000000000000000000e+00
1.333807944320142269e-03
9.351953906250000000e+04
6.905756250000000000e+04
1.073145141601562500e+03
0.000000000000000000e+00
2.758306396484375000e+03
5.630238281250000000e+04
1.142112597656250000e+04
0.000000000000000000e+00
0.000000000000000000e+00
0.000000000000000000e+00
0.000000000000000000e+00
0.000000000000000000e+00
1.700869384765625000e+03
4.481125312500000000e+05
5.714563125000000000e+05
6.050546250000000000e+05
6.024296875000000000e+05
6.837840625000000000e+05
1.031180312500000000e+06
1.651709250000000000e+06
1.728653375000000000e+06
1.268302625000000000e+06
8.241760625000000000e+05
1.030544375000000000e+06
1.232971125000000000e+06
1.327195125000000000e+06
1.473402250000000000e+06
1.415481375000000000e+06
1.098019000000000000e+06
8.050000625000000000e+05
7.535249375000000000e+05
4.570573750000000000e+05
4.299179687500000000e+05
6.756299375000000000e+05
7.398224375000000000e+05
8.470964375000000000e+05
5.051674687500000000e+05
8.681922500000000000e+05
1.190139875000000000e+06
1.301579750000000000e+06
1.169651625000000000e+06
1.132519625000000000e+06
9.694221875000000000e+05
8.692500625000000000e+05
9.741586250000000000e+05
9.774835625000000000e+05
9.123201875000000000e+05
9.257423750000000000e+05
1.259006375000000000e+06
1.481968000000000000e+06
1.443870500000000000e+06
1.014974875000000000e+06
1.028068125000000000e+06
1.002239125000000000e+06
1.146266000000000000e+06
1.787355625000000000e+06
2.120894750000000000e+06
1.986100750000000000e+06
1.303212250000000000e+06
6.838545000000000000e+05
9.838545000000000000e+05
1.263616875000000000e+06
1.816103125000000000e+06
1.813403750000000000e+06
1.730990875000000000e+06
8.928286875000000000e+05
1.202972875000000000e+06
2.051191000000000000e+06
2.285434000000000000e+06
2.320563250000000000e+06
2.057437500000000000e+06
2.139566000000000000e+06
2.108045250000000000e+06
2.400560500000000000e+06
2.572835750000000000e+06
2.409504500000000000e+06
2.730405250000000000e+06
2.888416750000000000e+06
1.834558250000000000e+06
2.116496000000000000e+06
2.493409750000000000e+06
2.178248500000000000e+06
2.081997250000000000e+06
1.621114875000000000e+06
2.287138750000000000e+06
2.656091750000000000e+06
2.479422250000000000e+06
2.584049000000000000e+06
2.239295500000000000e+06
2.853350250000000000e+06
2.473390000000000000e+06
2.478353250000000000e+06
2.761002250000000000e+06
3.224300500000000000e+06
2.980973500000000000e+06
2.655031750000000000e+06
2.725939500000000000e+06
3.126340500000000000e+06
2.430158250000000000e+06
1.837962750000000000e+06
1.578386125000000000e+06
1.214532000000000000e+06
1.377158375000000000e+06
1.592298125000000000e+06
1.856562375000000000e+06
2.169020250000000000e+06
1.865505875000000000e+06
2.456922500000000000e+06
3.046277500000000000e+06
3.463433750000000000e+06
3.441717750000000000e+06
3.197181000000000000e+06
3.224794250000000000e+06
3.080977500000000000e+06
0.000000000000000000e+00
2.319925750000000000e+06
2.112306500000000000e+06
2.019177750000000000e+06
2.412267250000000000e+06
2.396304000000000000e+06
2.178956000000000000e+06
2.473602250000000000e+06
2.907368500000000000e+06
3.149917250000000000e+06
3.495731000000000000e+06
3.285987000000000000e+06
2.107551750000000000e+06
2.995241250000000000e+06
3.303301000000000000e+06
2.751139250000000000e+06
2.692434500000000000e+06
1.961754375000000000e+06
1.589882875000000000e+06
1.694651750000000000e+06
1.616006125000000000e+06
1.844212625000000000e+06
2.041540250000000000e+06
1.954230000000000000e+06
1.882471375000000000e+06
2.203443250000000000e+06
1.453742375000000000e+06
1.690960500000000000e+06
2.058431000000000000e+06
1.579592125000000000e+06
1.774649375000000000e+06
2.126928500000000000e+06
2.103648000000000000e+06
1.898793875000000000e+06
1.792538250000000000e+06
1.680880750000000000e+06
1.693373750000000000e+06
1.354872875000000000e+06
1.674281750000000000e+06
2.160861000000000000e+06
2.512998500000000000e+06
2.458273000000000000e+06
2.263070500000000000e+06
2.205011500000000000e+06
2.069718500000000000e+06
1.593366250000000000e+06
1.648796375000000000e+06
2.063472125000000000e+06
2.251146500000000000e+06
1.934429750000000000e+06
1.918955000000000000e+06
1.635600125000000000e+06
1.924816000000000000e+06
1.374177125000000000e+06
9.214323125000000000e+05
9.682902500000000000e+05
1.124868500000000000e+06
1.325705375000000000e+06
1.139672500000000000e+06
1.258650000000000000e+06
1.245175500000000000e+06
2.265565000000000000e+05
8.983434375000000000e+04
8.450753750000000000e+05
8.849209375000000000e+05
4.489586562500000000e+05
1.944172968750000000e+05
9.960052343750000000e+04
2.416532031250000000e+05
3.288635312500000000e+05
4.030229062500000000e+05
4.698262187500000000e+05
2.619946250000000000e+05
1.495897812500000000e+05
1.101489453125000000e+05
1.580797187500000000e+05
1.899337656250000000e+05
4.894881875000000000e+05
6.120388125000000000e+05
4.773055625000000000e+05
4.207925312500000000e+05
3.963361562500000000e+05
1.802277031250000000e+05
3.094611875000000000e+05
3.593470000000000000e+05
2.386406406250000000e+05
6.837447656250000000e+04
2.525645937500000000e+05
4.994609375000000000e+05
7.770256250000000000e+05
9.421351250000000000e+05
1.095540000000000000e+06
6.814148750000000000e+05
7.517675625000000000e+05
4.322375000000000000e+05
1.254455078125000000e+05
5.507199707031250000e+03
6.310249511718750000e+03
1.320503437500000000e+05
8.009649218750000000e+04
7.878740625000000000e+05
1.180214625000000000e+06
1.573629250000000000e+06
1.300726750000000000e+06
6.482685625000000000e+05
5.687839375000000000e+05
3.293435312500000000e+05
2.369453906250000000e+05
3.064205664062500000e+04
0.000000000000000000e+00
0.000000000000000000e+00
0.000000000000000000e+00
